KC0336   77  0 0 09012
   1   0 336   2590.00   1   0   2597.23C 02706779.6223728.2  0
   2   0 336    335.00   2   0    352.34A 02706774.4223702.0  0
   3   0 336    752.00   3   0    748.35C 02706670.8223583.6  0
   4   0 336   2574.00   4   0   2162.42  02706699.1223462.4  0
   4   1 336   2732.00   4   1   2063.13  02706667.6223468.5  0
   4   2 336   2437.00   4   2   1527.22  02706635.2223455.5  0
   4   3 336   1081.00   4   3    984.76  02706656.5223544.3  0
   4   4 336   1323.00   4   4   1310.63  02706601.7223493.9  0
   4   5 336    676.00   4   5    669.58  02706636.0223487.9  0
   4   6 336   1668.00   4   6   1652.30  02706632.2223526.8  0
   4   7 336   2525.00   4   7   2501.44  02706676.9223533.0  0
   4   8 336   1987.00   4   8   1160.14  02706600.0223455.6  0
   4   9 336    109.00   4   9    108.53  02706729.2223447.6  0
   6   0 336   4050.00   6   0   4033.70  02706770.8223607.3  0
   6  39 336   2515.00   6  39   2505.41  02706736.8223561.8  0
   6  40 336   2604.00   6  40   2594.40  02706732.4223524.0  0
   6  42 336   4801.00   6  42   4782.23  02706889.1223669.8  0
   6  47 336   2552.00   6  47   2450.28  02706787.9223461.1  0
   6  48 336   2641.00   6  48   2630.04  02706791.4223515.7  0
   6  49 336   2553.00   6  49   2541.81  02706837.8223509.6  0
   6  50 336   2539.00   6  50   2527.73  02706809.4223564.2  0
   6  51 336   2597.00   6  51   2585.34  02706732.4223478.5  0
   6  52 336   2671.00   6  52    761.55  02706752.8223443.4  0
   6  53 336   2521.00   6  53   2509.68  02706841.2223459.7  0
   6  67 336   2012.00   6  67   1917.52  02706860.8223519.3  0
   6  68 336   3275.00   6  68   3262.17  02706848.7223608.2  0
   6  71 336   3109.00   6  71   2929.33  02706906.5223499.0  0
   6  73 336   2363.00   6  73   2185.15  02706880.9223488.7  0
   6  77 336    955.00   6  77    439.20  02706895.5223484.6  0
   6  80 336   4755.00   6  80   4736.59  02706883.7223575.1  0
   6  92 336   2523.00   6  92    197.11  02706832.4223436.5  0
   6  93 336   4691.00   6  93   4671.72  02706842.7223690.0  0
   6  94 336   4896.00   6  94   4876.44  02706777.6223662.7  0
   6  95 336    332.00   6  95    330.47  02706735.3223589.8  0
  48   7 336   2621.00  48   7    814.97  02706935.5223492.9  0
  48   8 336   2621.00  48   8    583.82  02706938.2223523.5  0
  48   9 336   2621.00  48   9    957.27  02706937.2223590.8  0
  48  11 336   2621.00  48  11    478.95  02706940.4223552.4  0
  48  14 336   2621.00  48  14   2064.76  02706937.9223652.3  0
  48  15 336   3322.00  48  15   1245.67  02706933.7223455.9  0
1021   1 336  49025.001021   1   5870.57J 02706922.5223747.1  0
1022   1 336  22583.001022   1      1.71J 02706917.6223434.9  0
1036   1 336  17621.001036   1      0.50J 02706729.7223434.7  0
1038   0 336   1518.001038   0   1473.65J 02706894.3223729.6  0
1039   0 336  20383.001039   0  20450.95J 02706845.7223770.6  0
1041   0 336   5370.001041   0   5335.40J 02706633.6223578.5  0
1042   0 336  16897.001042   0  16850.17J 02706521.0223589.4  0
1042   1 336   1512.001042   1     78.62J 02706415.6223437.9  0
1042   4 336  17166.001042   4  14030.62J 02706498.7223489.3  0
1092   3 336  19398.001092   3     54.40J 02706315.6223436.4  0
1092   4 336   3817.001092   4   3635.19J 02706344.0223488.2  0
1093   0 336  26125.001093   0  18777.51J 02706372.9223553.1  0
1093   1 336   6499.001093   1   5280.76J 02706389.3223484.8  0
1093   3 336    604.001093   3    603.18J 02706412.2223515.1  0
1118   0 336   3933.001118   0   3901.51J 02706266.7223547.6  0
1118  42 336   4741.001118  42    634.04J 02706263.6223579.4  0
1118  57 336   2546.001118  57     30.00J 02706223.8223538.7  0
1118  57 336   2546.001118  57     27.16J 02706224.6223562.7  0
1118  59 336   2540.001118  59   1657.76J 02706238.2223600.7  0
1118  60 336   3543.001118  60   3517.10J 02706399.0223670.2  0
1118  63 336   2550.001118  63    146.82J 02706227.7223463.2  0
1118  64 336   2549.001118  64   1979.90J 02706243.6223504.4  0
1118  68 336    122.001118  68    121.14J 02706297.6223624.1  0
1118  75 336   2698.001118  75   2679.68J 02706328.3223607.2  0
1118  80 336   2697.001118  80   2676.36J 02706352.6223645.1  0
1118  81 336    867.001118  81    860.16J 02706381.4223699.4  0
1118  82 336   2500.001118  82   2481.12J 02706336.7223700.0  0
1118  83 336   2500.001118  83   2481.13J 02706368.7223723.9  0
1118  84 336   2642.001118  84   2621.80J 02706277.4223658.3  0
1118  85 336   2631.001118  85   2611.01J 02706259.7223627.4  0
1119   3 336     93.001119   3     92.27J 02706448.0223673.2  0
1120   0 336  41857.001120   0  10882.87J 02706275.1223750.5  0
1120   1 336  13792.001120   1   1641.70J 02706244.3223792.1  0
9002   1 336      0.009002   1    870.67  02706927.6223618.4  0
9012   4 336      0.009012   4    972.63  02706309.0223699.3  0
9012   4 336      0.009012   4    489.04  02706320.6223486.3  0
9012   5 336      0.009012   5   1908.29  02706606.2223586.8  0
