KC0336   59  0 0 09015
  76   0 336   2502.00  76   0    430.35  02707183.0221608.3  0
  76   1 336   3596.00  76   1   2804.37  02707115.3221546.1  0
  76   2 336   2500.00  76   2   2505.50  02707130.8221468.8  0
  76   3 336   3000.00  76   3   3006.61  02707075.1221467.6  0
  76   4 336   2792.00  76   4   2797.86  02707011.1221458.1  0
  76   5 336   2803.00  76   5   1288.40  02706966.7221453.6  0
  76   6 336   2500.00  76   6   2505.00  02707125.8221521.9  0
  76   8 336     74.00  76   8     27.79  02707156.3221613.7  0
  76   9 336   2500.00  76   9   2511.33  02707126.6221570.8  0
  76  10 336   2556.00  76  10   2562.08  02707076.6221584.0  0
  76  11 336      4.00  76  11      4.02  02707122.6221547.8  0
  76  12 336   2555.00  76  12   2115.55  02707030.1221590.3  0
  76  16 336   2554.00  76  16   1822.15  02706985.6221594.4  0
  76  17 336   2588.00  76  17    351.47  02706959.2221596.8  0
  76  19 336   2500.00  76  19   2505.51  02707071.4221522.5  0
  76  20 336   2500.00  76  20   2506.43  02707032.6221520.9  0
  76  21 336   3240.00  76  21   2380.84  02706980.0221510.2  0
  76  22 336   2500.00  76  22   2498.25  02706989.4221537.3  0
  76  25 336   2500.00  76  25    340.64  02706959.5221554.9  0
  76  27 336   2524.00  76  27   2317.52  02707220.6221597.6  0
  76  28 336   2502.00  76  28   2505.01  02707229.6221562.1  0
  76  29 336   2502.00  76  29   2505.50  02707208.4221526.9  0
  76  30 336   2502.00  76  30   2505.50  02707172.4221487.9  0
  76  35 336   2574.00  76  35   2574.04  02707169.2221568.1  0
 385   2 336   1848.00 385   2   1859.50  02707028.6221286.0  0
 385   6 336   2820.00 385   6   2836.62  02707053.6221207.1  0
 385   7 336   1129.00 385   7    680.73  02707002.8221251.0  0
 385  10 336   2510.00 385  10   1187.47  02706963.9221276.5  0
 385  11 336   2510.00 385  11   2525.32  02706992.8221281.2  0
 385  13 336    441.00 385  13    443.21  02707088.9221271.1  0
 385  25 336   2915.00 385  25   2932.65  02707062.5221265.1  0
 385  29 336   1987.00 385  29   1991.19  02707000.5221209.1  0
 385  30 336   2550.00 385  30   2182.31  02706970.8221198.6  0
 385  33 336   3712.00 385  33   2879.03  02706980.0221120.9  0
 385  34 336   3712.00 385  34   3719.46  02707017.3221136.5  0
 385  37 336   2550.00 385  37    183.42  02706958.9221171.6  0
 386   0 336    626.00 386   0    622.36C 02707030.7221096.0  0
 387   0 336   2032.00 387   0   1026.82C 02706971.5221077.8  0
 976   0 336  14837.00 976   0  14712.45J 02707054.4221052.4  0
 976   1 336   2222.00 976   1   2221.52J 02707088.2221181.2  0
 976   3 336   2614.00 976   3   2614.44J 02707057.2221146.0  0
 977   9 336   2057.00 977   9   2052.81J 02707139.8221422.4  0
 977  44 336   3346.00 977  44   3353.80J 02707079.5221417.6  0
 977  45 336   2883.00 977  45   2899.01J 02707015.2221414.0  0
 977  46 336   2541.00 977  46   2214.87J 02706978.0221396.5  0
 977  47 336   2597.00 977  47     52.83J 02706956.7221363.8  0
 977  54 336   2595.00 977  54   1698.45  02707023.1221367.4  0
 977  56 336   2814.00 977  56    619.04  02706963.7221337.1  0
 979   0 336    445.00 979   0    444.82  02707161.5221409.5  0
 979   9 336   4387.00 979   9   1407.13  02707075.3221302.6  0
 979  12 336   2780.00 979  12   2785.19  02707095.6221343.1  0
 979  13 336   3222.00 979  13   3227.75  02707140.7221369.6  0
 979  14 336    662.00 979  14    662.62  02707038.3221311.1  0
 979  15 336   3091.00 979  15   3095.86  02707053.9221354.4  0
 979  19 336   2500.00 979  19   2505.02  02706996.0221350.7  0
 986   1 336    967.00 986   1    593.39J 02707118.7221601.6  0
 987   0 336   6668.00 987   0    519.08J 02707103.5221606.6  0
9012   4 336      0.009012   4      1.60  02706954.9221585.0  0
9015   3 336      0.009015   3    208.79  02706983.2221070.6  0
