KC0336  259  0 0 09013
 140   0 336   2159.00 140   0   2215.68B 02705906.6222600.5  0
 141   0 336    526.00 141   0    552.24G 02705913.4222648.6  0
 145   0 336    296.00 145   0      2.98B 02706158.1222523.8  0
 146   0 336    141.00 146   0    149.60B 02706154.0222546.8  0
 147   0 336    692.00 147   0    687.61B 02706160.7222572.7  0
 147   1 336    123.00 147   1    122.22B 02706148.6222576.3  0
 148   0 336   1198.00 148   0   1190.69B 02706175.5222568.1  0
 149   0 336   5051.00 149   0    358.20B 02706187.5222530.8  0
 151   0 336    626.00 151   0      0.05A 02706222.2222539.3  0
 152   0 336    732.00 152   0    226.42A 02706219.1222557.0  0
 154   0 336   2498.00 154   0    151.51B 02706217.1222619.5  0
 155   0 336    364.00 155   0     57.72B 02706219.7222644.0  0
 159   0 336   2551.00 159   0    325.16B 02706218.9222863.2  0
 160   0 336   1503.00 160   0   1212.22B 02706205.0222825.8  0
 161   0 336   2834.00 161   0     95.64B 02706218.7222998.3  0
 161   0 336   2834.00 161   0    931.10B 02706199.5222890.1  0
 161   1 336    488.00 161   1    498.76B 02706167.2222892.5  0
 166   0 336   1722.00 166   0   1731.79J 02706183.0223190.2  0
 169   0 336   1004.00 169   0    302.35B 02705883.0223415.5  0
 170   0 336   2173.00 170   0   1732.61B 02705893.4223397.5  0
 170   1 336    451.00 170   1    448.24B 02705911.5223370.7  0
 171   0 336   2274.00 171   0   2200.85B 02705870.7223355.8  0
 172   0 336   4224.00 172   0   4143.54B 02705829.1223270.1  0
 173   0 336   2510.00 173   0   2486.56J 02705859.1223193.0  0
 173   1 336    317.00 173   1    314.04J 02705875.9223197.2  0
 174   0 336   1986.00 174   0   1956.96B 02705801.4223178.7  0
 174   1 336   1634.00 174   1   1607.02C 02705836.4223214.2  0
 174   3 336    560.00 174   3    552.64B 02705782.8223179.7  0
 175   0 336    878.00 175   0    890.72B 02705745.9223186.8  0
 176   0 336    898.00 176   0    886.35B 02705728.0223210.2  0
 176   1 336   1204.00 176   1   1188.11B 02705720.0223237.7  0
 176   2 336   1204.00 176   2   1190.08B 02705710.4223264.6  0
 176   3 336   1205.00 176   3   1190.93B 02705677.8223317.6  0
 176   4 336    306.00 176   4    302.18B 02705750.5223208.0  0
 177   1 336    204.00 177   1    201.67B 02705665.8223339.1  0
 178   0 336    708.00 178   0    711.44B 02705671.3223139.4  0
 179   0 336   2944.00 179   0   2900.27B 02705676.2223112.7  0
 180   0 336    444.00 180   0    466.85C 02705661.2223061.9  0
 180   1 336    326.00 180   1    312.17B 02705653.0223057.8  0
 180   2 336    345.00 180   2    340.99B 02705671.7223071.6  0
 181   0 336   1610.00 181   0   1634.27B 02705729.7223113.5  0
 182   0 336   1731.00 182   0   1710.37G 02705755.7223106.1  0
 183   0 336   2983.00 183   0   2972.87A 02705722.3223031.5  0
 184   0 336   5538.00 184   0   5504.34B 02705655.3222987.0  0
 185   0 336   3409.00 185   0   3392.00B 02705626.6222954.2  0
 186   0 336    388.00 186   0    373.54A 02705710.2222827.6  0
 187   0 336   2500.00 187   0   2553.71B 02705621.0222889.0  0
 187   1 336   2377.00 187   1   2376.71B 02705661.1222788.9  0
 187   2 336    703.00 187   2    671.64B 02705669.8222738.9  0
 187   3 336   2635.00 187   3   2616.62B 02705637.8222742.2  0
 187   4 336    715.00 187   4    714.37A 02705663.4222711.4  0
 187   5 336   2522.00 187   5   2576.19B 02705621.3222832.8  0
 188   0 336   2679.00 188   0   2669.93B 02705535.6222767.6  0
 188   1 336   7209.00 188   1   3256.56B 02705523.9222734.4  0
 188   2 336   2635.00 188   2   2611.37B 02705575.2222769.7  0
 188   3 336   2500.00 188   3   2478.03B 02705581.7222709.3  0
 192   0 336   1028.00 192   0    976.89B 02705513.7222792.4  0
 193   0 336   1035.00 193   0   1021.04B 02705568.9222812.7  0
 193   1 336   1035.00 193   1   1021.95B 02705568.0222834.3  0
 193   2 336   1036.00 193   2   1020.76B 02705561.4222863.3  0
 193   3 336   1036.00 193   3   1020.47B 02705551.4222892.1  0
 193   4 336   1036.00 193   4   1014.07B 02705523.2222930.2  0
 193   5 336   1036.00 193   5    914.96B 02705508.9222956.4  0
 195   0 336   3296.00 195   0    239.56G 02705499.8223016.7  0
 196   1 336   1018.00 196   1    371.36C 02705501.7223089.3  0
 245   0 336   1599.00 245   0   1548.29C 02705594.1222599.2  0
 245   1 336     77.00 245   1     71.07A 02705616.8222608.8  0
 245   2 336     78.00 245   2     74.74A 02705612.3222608.0  0
 245   3 336    155.00 245   3    152.90A 02705605.1222607.0  0
1045   2 336  13034.001045   2   5552.60J 02706193.4223127.3  0
1045   3 336  17262.001045   3  17141.41J 02706116.8222982.2  0
1045   8 336   9374.001045   8   7507.74J 02706197.8223036.1  0
1045  14 336    286.001045  14    284.42J 02706159.0222910.9  0
1045  15 336    385.001045  15    170.37J 02706208.4223003.6  0
1045  16 336    469.001045  16    366.76J 02706206.5222919.2  0
1046   0 336    900.001046   0    690.64J 02706211.1222940.4  0
1046   1 336    598.001046   1    179.73J 02706220.1222975.6  0
1046   3 336   1666.001046   3    113.95J 02706215.7222992.4  0
1046   3 336   1666.001046   3    530.93J 02706198.5222907.9  0
1053   0 336  12856.001053   0   1117.42C 02706212.5222573.7  0
1056   2 336   3179.001056   2    377.59J 02706205.7222534.0  0
1078   0 336    189.001078   0    180.92B 02706203.2222568.8  0
1079   0 336    353.001079   0    240.02J 02706134.0222541.3  0
1079   1 336    715.001079   1    562.38J 02706143.7222544.0  0
1079   2 336    353.001079   2    188.43J 02706163.7222548.2  0
1080   0 336   2169.001080   0   2119.25J 02706114.6222549.2  0
1080   1 336    800.001080   1    768.57J 02706135.0222581.9  0
1080   2 336     67.001080   2     42.19J 02706182.0222594.0  0
1081   0 336   3523.001081   0    707.06J 02706061.7222532.7  0
1083   0 336   3563.001083   0    122.50J 02706040.0222529.4  0
1087   1 336   2541.001087   1     45.85J 02706027.7222525.4  0
1088   0 336   2973.001088   0   2956.63J 02706058.2222770.9  0
1088   2 336   1416.001088   2    155.05K 02705932.3222532.5  0
1088   3 336   3218.001088   3   3189.01B 02705957.9222640.8  0
1088   4 336   4231.001088   4   4206.64J 02706016.6222659.8  0
1088   5 336   4231.001088   5   4206.60J 02706016.3222633.3  0
1088   6 336   9872.001088   6   9278.71J 02706039.4222616.7  0
1088   7 336    982.001088   7    699.61J 02706021.6222565.2  0
1088   8 336   1746.001088   8   1052.42J 02706019.5222549.9  0
1088   9 336   1964.001088   9   1084.47J 02706043.9222552.0  0
1088  10 336   2974.001088  10   2956.62J 02706033.8222725.3  0
1088  11 336   2974.001088  11   2956.64J 02705985.3222677.0  0
1088  13 336    454.001088  13    450.09B 02705933.5222642.9  0
1089   0 336  23485.001089   0  22268.83J 02706161.6222667.3  0
1089   2 336    298.001089   2    343.11J 02706194.0222619.6  0
1089   3 336    440.001089   3    513.97J 02706174.5222609.2  0
1090   0 336    495.001090   0    294.65A 02706214.8222771.1  0
1090   1 336  17059.001090   1  14282.30J 02706134.8222810.1  0
1090   2 336    540.001090   2    577.88C 02706199.2222866.2  0
1090   4 336   5334.001090   4   4544.11J 02706174.5222835.2  0
1091   0 336    129.001091   0    146.07A 02706066.5223067.3  0
1091   1 336   1057.001091   1   1065.12J 02706155.2223144.6  0
1091   2 336    766.001091   2    766.43J 02705919.2222681.1  0
1091   3 336   2361.001091   3   2324.79B 02705943.2222767.0  0
1091   4 336   4537.001091   4   4524.32C 02705981.3222918.7  0
1091   5 336   1304.001091   5   1274.48B 02705978.8222996.7  0
1091   6 336   2918.001091   6   2927.53J 02706132.7223114.5  0
1091   8 336    123.001091   8    119.21A 02706061.5223062.7  0
1091   9 336    226.001091   9    218.70A 02706049.6223054.2  0
1091  10 336    131.001091  10    135.17J 02706080.6223050.3  0
1091  11 336    190.001091  11    191.68J 02706037.6223078.3  0
1091  12 336  11747.001091  12  11788.41J 02706019.3222951.4  0
1091  13 336    299.001091  13    277.97J 02705993.5222978.9  0
1091  14 336    384.001091  14    379.18J 02705985.2222884.1  0
1091  15 336   1048.001091  15   1048.82J 02705953.9222770.8  0
1091  16 336  14448.001091  16  14421.50J 02705996.6222795.3  0
1091  17 336   1418.001091  17   1424.18A 02706051.5223091.9  0
1091  18 336    123.001091  18    122.40A 02706058.1223058.4  0
1091  19 336    132.001091  19    131.57J 02706077.6223045.7  0
1091  20 336    189.001091  20    188.27J 02706034.2223074.0  0
1091  21 336   1165.001091  21   1144.29B 02705959.9222903.7  0
1091  23 336   2604.001091  23   2612.43J 02706076.7223123.5  0
1091  24 336   2604.001091  24   2612.43J 02706097.5223158.1  0
1091  25 336   1134.001091  25   1136.86A 02706029.5223107.5  0
1091  26 336    398.001091  26    397.95A 02706079.7223082.1  0
1091  27 336    187.001091  27    187.22A 02706069.2223072.9  0
1092   0 336   5300.001092   0   5222.78J 02706150.4223216.1  0
1092   1 336    669.001092   1    663.23J 02706112.9223177.7  0
1092   2 336   7521.001092   2   3810.62J 02706198.1223253.6  0
1092   5 336    428.001092   5    153.84A 02706217.1223211.6  0
1093   0 336  26125.001093   0   2219.28J 02706212.3223382.6  0
1093   2 336    680.001093   2    111.50J 02706216.8223328.6  0
1094   0 336  15746.001094   0  15673.24J 02706110.9223305.8  0
1094   2 336   9210.001094   2   9245.72J 02705815.5222742.8  0
1094   3 336   3130.001094   3   3038.81C 02705933.6223015.7  0
1094   4 336    469.001094   4    422.81B 02705948.1222977.6  0
1094   5 336   2490.001094   5   2409.21B 02705938.0222868.7  0
1094   6 336   1491.001094   6   1390.65B 02705913.3222750.8  0
1094   7 336   1746.001094   7   1734.00C 02705898.7222693.2  0
1094   8 336  17276.001094   8  17256.51J 02706001.4223167.6  0
1094   9 336   1070.001094   9   1122.54J 02706181.7223303.8  0
1094  10 336    887.001094  10    882.16J 02705977.6223069.2  0
1094  11 336  27917.001094  11  27626.57J 02705856.0222923.9  0
1094  12 336   1990.001094  12   2003.18J 02705924.7222922.6  0
1094  13 336  10139.001094  13  10009.92J 02705833.3222811.5  0
1094  14 336    820.001094  14    768.24A 02705879.5222539.5  0
1094  19 336   9210.001094  19   9207.89J 02705840.3222643.8  0
1094  20 336   8659.001094  20   7174.57J 02705871.8222584.2  0
1095   0 336    242.001095   0    242.71B 02705920.9222546.9  0
1096   0 336   2646.001096   0    250.04K 02705918.6222536.5  0
1096   1 336   4929.001096   1    616.62J 02705907.0222553.7  0
1105   1 336   6006.001105   1   5277.22J 02705769.0222571.6  0
1106   0 336   3943.001106   0   3934.96J 02705750.8222630.7  0
1106   1 336   1872.001106   1   1876.09J 02705743.6222684.3  0
1107   0 336   2326.001107   0   2326.01J 02705742.0222594.5  0
1107   1 336   1898.001107   1   1903.53J 02705706.4222676.6  0
1108   0 336   5553.001108   0   5572.56J 02705695.1222751.9  0
1109   0 336    461.001109   0    454.18J 02705698.2222815.6  0
1110   0 336   7948.001110   0   7975.43J 02705745.9222785.6  0
1111   0 336   2831.001111   0   2845.45J 02705764.8222845.0  0
1111   1 336   1243.001111   1   1262.73J 02705679.2222883.4  0
1112   0 336    480.001112   0    497.18C 02705656.8222893.5  0
1114   0 336    270.001114   0    273.46B 02705607.6222932.9  0
1115   0 336   2944.001115   0   2899.07J 02705705.1222960.6  0
1116   0 336   7061.001116   0   7072.06J 02705737.5222905.5  0
1117   0 336   2740.001117   0   2705.93J 02705800.9223017.7  0
1118  35 336   2545.001118  35   1268.56J 02706167.1223411.4  0
1118  36 336   2543.001118  36   2503.67J 02706127.7223397.6  0
1118  37 336   2985.001118  37   2963.73J 02706081.4223360.0  0
1118  38 336   2826.001118  38   2806.31J 02706028.5223309.9  0
1118  39 336    159.001118  39    157.43J 02706010.3223275.2  0
1118  40 336   2522.001118  40   2504.12J 02705986.8223250.9  0
1118  41 336   2645.001118  41   2625.57J 02705943.3223204.5  0
1118  42 336   4741.001118  42   3434.23J 02705933.8223230.9  0
1118  45 336    301.001118  45    298.74J 02705829.8223240.2  0
1118  49 336   2522.001118  49   2504.01J 02705965.3223353.7  0
1118  50 336   2519.001118  50   2501.00J 02705980.3223385.0  0
1118  51 336   2523.001118  51   2260.47J 02706012.2223398.8  0
1118  63 336   2550.001118  63     18.57J 02706199.4223426.0  0
1118  65 336   2518.001118  65   2500.00J 02706023.2223354.1  0
1118  67 336   2523.001118  67   2504.64J 02705834.6223133.8  0
1118  69 336   2500.001118  69   2481.43J 02705921.2223171.3  0
1118  73 336   2500.001118  73    403.93J 02706098.9223419.7  0
1118  74 336   2628.001118  74   1762.68J 02706065.5223410.6  0
1118  86 336   2500.001118  86   2481.54J 02705888.0223134.2  0
1118  87 336   2546.001118  87   2525.38J 02705878.3223243.7  0
1118  88 336   2557.001118  88   2535.88J 02705902.8223291.3  0
1118  89 336   2523.001118  89   2498.23J 02705958.0223277.0  0
1118  90 336   2573.001118  90   2547.42J 02705937.1223330.9  0
1118  92 336   2951.001118  92   2935.20J 02705799.7223088.4  0
1118  93 336   2615.001118  93   2602.16J 02705856.0223085.1  0
1119   5 336    511.001119   5    507.61J 02705816.3223159.0  0
1119   7 336   8762.001119   7   8965.09J 02705761.6223041.2  0
1120   0 336  41857.001120   0     98.86J 02705946.5223422.9  0
1128   0 336  37653.001128   0   2949.03J 02705734.1223408.6  0
1128   1 336   8031.001128   1   8067.92J 02705607.6223260.9  0
1128   2 336   1873.001128   2   1840.79K 02705649.2223388.2  0
1128   3 336   7473.001128   3   5651.85J 02705572.4223386.2  0
1128   4 336   7113.001128   4    668.32J 02705540.8223412.5  0
1128   5 336   6711.001128   5   6588.70J 02705584.8223325.3  0
1128   6 336    197.001128   6    200.39B 02705872.3223403.5  0
1128   7 336  53688.001128   7  12896.29J 02705803.1223321.6  0
1128   8 336   2758.001128   8   2899.52J 02705744.9223261.7  0
1128  12 336   1192.001128  12   1169.85J 02705693.3223397.2  0
1130   0 336    495.001130   0    508.49A 02705706.9223346.3  0
1131   0 336   6524.001131   0   6504.86J 02705737.0223348.8  0
1131   1 336    514.001131   1    492.45D 02705703.4223304.5  0
1131   2 336    570.001131   2    576.98J 02705764.0223379.3  0
1133   1 336    962.001133   1    994.08B 02705642.9223344.0  0
1133   2 336    140.001133   2    112.95B 02705688.8223330.0  0
1134   0 336  21066.001134   0  20886.81J 02705607.7223134.4  0
1135   0 336    572.001135   0    542.38B 02705641.1223082.0  0
1136   0 336   2769.001136   0   2729.61J 02705575.9222972.1  0
1137   0 336   4001.001137   0   3956.91J 02705544.1222968.9  0
1138   2 336  24618.001138   2  19048.26J 02705532.7223232.6  0
1138   3 336   2988.001138   3   3028.44J 02705537.7223048.3  0
1138   6 336   7266.001138   6   1073.39J 02705513.1223409.5  0
1143   0 336  14837.001143   0   1813.87J 02705512.3222874.9  0
1143   3 336   2495.001143   3   1379.97J 02705531.0222880.5  0
1143   3 336   2495.001143   3    327.83J 02705502.7222985.4  0
1143   4 336    263.001143   4    275.80J 02705528.5222847.6  0
1145   0 336   1159.001145   0   1077.25J 02705522.7222829.1  0
1146   0 336   1103.001146   0    386.99C 02705513.0222814.7  0
1146   0 336   1103.001146   0     17.43C 02705497.6222836.8  0
1197   1 336   1884.001197   1   1504.37J 02705520.5222643.2  0
1198   2 336    156.001198   2    156.11J 02705586.9222614.9  0
1198   5 336   2511.001198   5   1299.70J 02705545.5222534.3  0
1198   6 336   2511.001198   6   2511.43J 02705546.7222566.6  0
1198   7 336   2522.001198   7   2512.95J 02705551.7222613.5  0
1198   8 336   2804.001198   8    963.19J 02705530.6222624.5  0
1198  10 336   2636.001198  10    625.34J 02705504.9222546.3  0
1198  11 336   2718.001198  11    860.85J 02705506.5222593.4  0
1198  17 336   2511.001198  17    411.00J 02705563.2222635.2  0
1199   0 336   3119.001199   0   3121.87J 02705641.1222615.6  0
1200   2 336   2539.001200   2    949.63B 02705613.3222530.8  0
1200   3 336   3063.001200   3   3051.70B 02705610.2222558.4  0
8001   0 336      0.008001   0    674.21  02705617.7222707.9  0
9003   1 336      0.009003   1     32.09  02705941.9223424.7  0
9003   2 336      0.009003   2    111.13  02705883.4223405.5  0
9008   1 336      0.009008   1    398.59  02705643.0222978.3  0
9008   2 336      0.009008   2    165.99  02705708.5223148.5  0
9008   3 336      0.009008   3    293.96  02705692.6223099.0  0
9008   4 336      0.009008   4     69.09  02705784.5223135.4  0
9008   5 336      0.009008   5    514.49  02705792.3223259.5  0
9012   4 336      0.009012   4   4891.84  02705943.9222922.3  0
9012   4 336      0.009012   4   1403.73  02706196.4222583.5  0
9012   4 336      0.009012   4    410.59  02706211.8222863.0  0
9012   4 336      0.009012   4  36482.62  02705686.6222603.1  0
9013   6 336      0.009013   6    289.14  02705647.6222549.5  0
