KC0336   47  0 0 09012
 167   0 336    504.00 167   0    520.80J 02706098.5223510.2  0
 168   0 336    572.00 168   0    580.60J 02706063.3223459.7  0
 169   0 336   1004.00 169   0    657.79B 02705891.7223451.4  0
 170   0 336   2173.00 170   0    412.17B 02705911.6223448.7  0
1093   0 336  26125.001093   0    139.75J 02706217.4223441.3  0
1118  35 336   2545.001118  35   1258.29J 02706161.4223450.1  0
1118  36 336   2543.001118  36     21.32J 02706128.1223435.7  0
1118  42 336   4741.001118  42      5.15J 02706221.2223552.5  0
1118  42 336   4741.001118  42    643.67J 02706187.3223498.9  0
1118  51 336   2523.001118  51    245.17J 02706005.2223436.5  0
1118  52 336    327.001118  52    325.12J 02706007.0223448.4  0
1118  53 336   2518.001118  53   2500.04J 02706146.9223512.7  0
1118  57 336   2546.001118  57   2471.32J 02706185.5223527.9  0
1118  59 336   2540.001118  59    864.59J 02706211.9223602.9  0
1118  63 336   2550.001118  63   2366.38J 02706193.7223467.8  0
1118  64 336   2549.001118  64    551.23J 02706211.2223499.0  0
1118  72 336   2518.001118  72   2500.04J 02706122.7223483.1  0
1118  73 336   2500.001118  73   2077.13J 02706093.8223457.6  0
1118  74 336   2628.001118  74    849.25J 02706046.0223442.8  0
1118  94 336   2540.001118  94   2521.70J 02706184.6223566.8  0
1120   0 336  41857.001120   0  30700.56J 02706138.4223600.5  0
1120   1 336  13792.001120   1  12310.24J 02706070.5223693.6  0
1121   0 336   7905.001121   0   7905.41J 02705985.1223559.3  0
1122   0 336   4054.001122   0   4078.70J 02706113.8223722.0  0
1123   0 336   2124.001123   0   2106.00J 02706128.4223798.8  0
1124   0 336   5766.001124   0   5740.65J 02706059.0223744.9  0
1125   0 336   7032.001125   0   7042.13J 02706012.5223714.6  0
1126   0 336   7497.001126   0   7450.58J 02705953.1223624.8  0
1126   1 336   2688.001126   1   2687.75J 02705931.5223496.0  0
1127   0 336  21517.001127   0  21415.16J 02705911.9223720.3  0
1128   0 336  37653.001128   0  34465.86J 02705712.4223571.9  0
1128   3 336   7473.001128   3   1874.02J 02705648.1223452.2  0
1128   4 336   7113.001128   4   6509.01J 02705593.1223506.2  0
1128   7 336  53688.001128   7  40573.11J 02705826.4223575.6  0
1128   9 336  23532.001128   9  23421.19J 02705632.4223730.2  0
1128  10 336   3050.001128  10   2983.33J 02705737.3223693.2  0
1128  11 336   1560.001128  11   1526.78J 02705556.5223653.1  0
1129   0 336  14607.001129   0  14522.14J 02705590.5223564.5  0
1138   0 336   6612.001138   0    728.02J 02705526.6223534.0  0
1138   6 336   7266.001138   6   3476.85J 02705515.3223479.5  0
1138  10 336   9426.001138  10   4202.90J 02705519.6223590.8  0
1138  11 336  14138.001138  11   4407.13J 02705508.2223710.3  0
1139   0 336    233.001139   0    235.20A 02705512.1223532.0  0
9003   1 336      0.009003   1   1162.09  02706107.7223756.7  0
9003   2 336      0.009003   2     68.54  02705903.5223448.8  0
9012   4 336      0.009012   4   6311.39  02705867.3223643.7  0
9012   4 336      0.009012   4   1670.04  02706100.5223518.5  0
