KC0336  214  0 0 09016
  72   1 336   5731.00  72   1   1410.05B 02706757.4221595.1  0
  76   1 336   3596.00  76   1    475.39  02706905.1221592.3  0
  76   1 336   3596.00  76   1    289.49  02706917.6221483.5  0
  76   5 336   2803.00  76   5   1520.13  02706938.5221448.6  0
  76  13 336    240.00  76  13    171.94  02706892.0221603.5  0
  76  17 336   2588.00  76  17    222.79  02706926.2221586.8  0
  76  17 336   2588.00  76  17    891.52  02706931.9221601.2  0
  76  18 336   2519.00  76  18    189.85  02706901.8221608.5  0
  76  21 336   3240.00  76  21    875.13  02706942.4221509.5  0
  76  23 336   2500.00  76  23   2505.24  02706903.7221464.6  0
  76  24 336   2514.00  76  24   2532.59  02706870.4221535.4  0
  76  25 336   2500.00  76  25   2135.88  02706928.4221567.4  0
  76  34 336   2511.00  76  34   2529.78  02706908.5221527.1  0
  83   0 336    824.00  83   0    806.97A 02706858.9221576.5  0
  83   1 336   2622.00  83   1   2289.31J 02706849.5221555.6  0
  83   3 336    556.00  83   3    552.91J 02706835.2221590.5  0
  84   0 336   2558.00  84   0   2464.94  02706815.1221569.7  0
  84   1 336    425.00  84   1    461.94A 02706795.7221569.7  0
  84   2 336     41.00  84   2     41.41  02706801.5221541.0  0
  84   3 336    619.00  84   3    625.04  02706769.1221563.4  0
  84   4 336    334.00  84   4    328.98A 02706787.2221552.6  0
  85   0 336    552.00  85   0    506.44J 02706756.0221523.5  0
  85   1 336    695.00  85   1    711.66A 02706771.0221506.4  0
  85   2 336    399.00  85   2    381.26J 02706802.6221474.7  0
  85   3 336    279.00  85   3    264.63J 02706769.6221469.4  0
  85   4 336    248.00  85   4    238.25A 02706783.0221472.1  0
  86   0 336    432.00  86   0    435.56B 02706750.3221489.2  0
  86   1 336   1930.00  86   1   1926.45B 02706747.8221449.6  0
  87   0 336    267.00  87   0    288.84B 02706752.0221542.3  0
  88   0 336     58.00  88   0     53.95H 02706737.0221585.7  0
  88   1 336     39.00  88   1     11.60H 02706719.3221610.1  0
  88   2 336   1204.00  88   2    999.66C 02706724.2221589.3  0
  89   0 336   1050.00  89   0   1013.41B 02706678.1221509.0  0
  89   1 336    977.00  89   1    942.04B 02706681.7221485.7  0
  91   0 336   1811.00  91   0   1817.86B 02706649.2221476.2  0
  91   5 336    980.00  91   5    972.46B 02706615.7221305.0  0
  91   6 336   1811.00  91   6   1788.29B 02706648.5221447.0  0
  91   7 336   1811.00  91   7   1733.21B 02706648.2221427.8  0
  91   8 336   2716.00  91   8   2696.88B 02706635.1221407.5  0
  91   9 336   2716.00  91   9   2633.11B 02706632.4221382.8  0
  91  10 336   2440.00  91  10   2336.82B 02706628.8221354.7  0
  91  11 336   2439.00  91  11   2394.13B 02706595.0221321.9  0
  93   0 336   2198.00  93   0   2153.26B 02706604.2221477.0  0
  93   1 336    895.00  93   1    928.70B 02706541.9221459.4  0
  93   2 336   2164.00  93   2   2128.61B 02706567.2221375.5  0
  93   3 336     76.00  93   3     76.01A 02706553.7221332.0  0
  93   4 336   2804.00  93   4   2731.96B 02706563.2221414.1  0
  93   6 336    379.00  93   6    420.45B 02706568.2221341.0  0
  93   7 336     58.00  93   7     48.30B 02706564.1221331.4  0
  93   8 336   2552.00  93   8   2478.15B 02706545.9221427.2  0
  93  12 336     76.00  93  12     76.01A 02706557.8221327.7  0
  94   0 336    883.00  94   0    877.69A 02706582.8221524.9  0
  95   0 336    766.00  95   0    738.51A 02706564.7221519.5  0
  96   0 336  11667.00  96   0  11584.85B 02706621.3221531.0  0
  96   1 336   2447.00  96   1   2432.87B 02706654.6221571.4  0
  96   3 336    605.00  96   3    598.30B 02706681.3221577.8  0
  96   4 336     39.00  96   4     27.74B 02706673.1221609.2  0
  96   5 336     82.00  96   5     82.14B 02706670.3221595.0  0
  96   6 336   2150.00  96   6   1271.79B 02706626.9221602.3  0
  96   7 336   3344.00  96   7   2162.45B 02706520.7221575.2  0
  96  15 336   5542.00  96  15   2465.23B 02706485.0221567.7  0
  96  19 336   1402.00  96  19   1399.53B 02706674.8221530.4  0
  97   0 336    170.00  97   0    173.53B 02706515.5221439.0  0
  98   0 336    144.00  98   0    145.09B 02706503.4221502.4  0
  98   1 336   1045.00  98   1   1013.43B 02706487.4221547.4  0
  99   0 336   2803.00  99   0   2746.02B 02706425.9221574.3  0
 100   0 336    179.00 100   0    188.16G 02706334.9221549.7  0
 101   0 336   1081.00 101   0    110.02B 02706430.6221607.7  0
 102   0 336   1726.00 102   0    621.01G 02706454.8221602.0  0
 371   0 336   3885.00 371   0   3861.21  02706368.2221297.3  0
 371   6 336   2609.00 371   6   2592.87  02706373.5221217.7  0
 371   7 336   3722.00 371   7   3698.81  02706388.3221257.8  0
 371   8 336   2602.00 371   8   2585.89  02706414.6221187.7  0
 372   0 336   1034.00 372   0   1037.40B 02706450.9221212.8  0
 372   1 336    910.00 372   1    952.27B 02706483.2221202.6  0
 373   0 336    184.00 373   0    180.07B 02706501.1221202.5  0
 374   0 336    247.00 374   0    252.89A 02706514.1221229.9  0
 374   1 336    432.00 374   1    392.68B 02706545.9221219.0  0
 375   0 336    553.00 375   0    550.22B 02706562.7221294.4  0
 375   1 336   2047.00 375   1   2017.24B 02706564.4221255.0  0
 376   0 336    587.00 376   0    576.72B 02706643.2221236.8  0
 377   0 336    651.00 377   0    627.48C 02706632.6221187.4  0
 378   0 336   1696.00 378   0   1689.50B 02706658.7221183.1  0
 378   1 336   3908.00 378   1   3856.14B 02706758.7221118.3  0
 378   2 336   1015.00 378   2    979.06B 02706719.7221087.6  0
 378   3 336   1795.00 378   3   1723.22B 02706689.5221138.6  0
 378   4 336   2366.00 378   4   2303.32B 02706731.8221147.9  0
 378   5 336   2865.00 378   5   2868.35B 02706705.0221187.6  0
 379   0 336     87.00 379   0     83.01B 02706651.0221226.6  0
 380   0 336    393.00 380   0    401.60B 02706667.9221237.7  0
 381   0 336   1411.00 381   0   1388.38D 02706698.9221223.8  0
 382   0 336   2454.00 382   0   2442.38A 02706751.3221211.0  0
 383   0 336   1734.00 383   0   1673.32B 02706791.1221170.0  0
 384   0 336   3288.00 384   0   3384.15C 02706811.7221210.8  0
 385   0 336   1523.00 385   0   1532.25G 02706855.9221263.1  0
 385   7 336   1129.00 385   7    450.40  02706910.3221224.1  0
 385   9 336   2510.00 385   9   2526.60  02706917.9221265.4  0
 385  10 336   2510.00 385  10   1336.69  02706943.0221273.2  0
 385  18 336   3013.00 385  18   3014.89  02706880.2221152.3  0
 385  19 336    123.00 385  19    123.55  02706871.7221114.8  0
 385  20 336    686.00 385  20    686.71  02706932.3221115.1  0
 385  28 336   2553.00 385  28   2558.48  02706884.5221251.0  0
 385  30 336   2550.00 385  30    373.08  02706946.8221218.0  0
 385  31 336    891.00 385  31    892.38  02706892.6221201.7  0
 385  32 336   1629.00 385  32   1632.76  02706930.6221146.0  0
 385  33 336   3712.00 385  33    840.46  02706946.9221118.7  0
 385  36 336   2752.00 385  36   2757.79  02706848.1221177.4  0
 385  37 336   2550.00 385  37   2372.37  02706934.2221191.5  0
 387   0 336   2032.00 387   0   1000.04C 02706939.5221062.4  0
 388   0 336    726.00 388   0    722.31A 02706816.7221135.2  0
 389   0 336   1130.00 389   0   1118.91B 02706814.3221086.5  0
 390   0 336   2329.00 390   0   2290.31C 02706861.7221105.7  0
 390   1 336   3788.00 390   1   3793.47B 02706771.9221080.4  0
 390   2 336    626.00 390   2    615.60C 02706859.5221078.1  0
 391   0 336   4586.00 391   0   4652.64B 02706755.0221033.7  0
 391   2 336   2570.00 391   2   2624.77B 02706783.4220978.8  0
 391   3 336   2663.00 391   3   2706.71B 02706826.7220995.3  0
 391   4 336   6869.00 391   4   6954.90C 02706880.4221016.3  0
 391   6 336   2226.00 391   6   2243.09B 02706807.0220888.0  0
 391   7 336   2226.00 391   7   2228.84B 02706793.1220923.7  0
 391   8 336   2662.00 391   8   2706.37B 02706842.1220942.8  0
 392   0 336   1538.00 392   0   1502.51C 02706707.4221070.9  0
 392   1 336    130.00 392   1    131.72C 02706681.1221112.4  0
 393   0 336   2351.00 393   0   2354.20H 02706756.8220849.8  0
 393   1 336    272.00 393   1    251.04H 02706716.5220815.3  0
 393   2 336    301.00 393   2    296.91H 02706723.9220808.9  0
 393   3 336   2351.00 393   3   2354.40H 02706746.2220876.0  0
 393   4 336   2351.00 393   4   2361.46H 02706743.7220914.9  0
 393   5 336   2148.00 393   5   2157.99H 02706744.4220972.1  0
 393   6 336    203.00 393   6    203.99H 02706740.7221008.3  0
 393   7 336   1323.00 393   7   1318.36H 02706723.9220974.1  0
 393   8 336   2410.00 393   8   2392.35H 02706710.8220962.5  0
 394   0 336    965.00 394   0    970.48H 02706682.5220848.0  0
 395   0 336    732.00 395   0    725.50H 02706671.2220792.7  0
 976   2 336   2522.00 976   2   2467.85J 02706904.6221104.4  0
 977   0 336    273.00 977   0    261.78A 02706832.1221139.4  0
 977  46 336   2541.00 977  46    350.51J 02706946.9221404.6  0
 977  47 336   2597.00 977  47   2537.41J 02706928.2221388.5  0
 977  48 336   2682.00 977  48   2646.88J 02706894.7221381.8  0
 977  54 336   2595.00 977  54    896.96  02706835.0221306.0  0
 977  55 336   2542.00 977  55   2528.10  02706860.7221308.3  0
 977  56 336   2814.00 977  56   2179.14  02706919.6221328.9  0
 978   0 336    329.00 978   0    340.00C 02706784.0221224.9  0
 979   2 336   3753.00 979   2   3829.00J 02706762.7221349.4  0
 979   3 336   2591.00 979   3   2578.57J 02706855.1221357.3  0
 979   5 336   2507.00 979   5   2499.69J 02706770.1221265.7  0
 979   6 336   2560.00 979   6   2552.46J 02706753.0221303.6  0
 979   7 336   2521.00 979   7   2513.50J 02706692.5221274.4  0
 979   8 336   2521.00 979   8   2511.87J 02706812.3221313.0  0
 979   9 336   4387.00 979   9   2990.47  02706723.5221250.2  0
 979  21 336   2696.00 979  21   2733.41  02706724.2221362.7  0
 979  22 336    500.00 979  22    512.32  02706736.4221335.6  0
 980   0 336   2823.00 980   0   2808.76J 02706865.5221419.4  0
 980   1 336   2822.00 980   1   2807.76J 02706823.6221393.7  0
 980   2 336   2822.00 980   2   2807.76J 02706805.1221362.7  0
 981   0 336   4656.00 981   0   4745.61J 02706816.2221519.3  0
 981   1 336   4975.00 981   1   4960.56J 02706822.2221457.2  0
1234   0 336    189.001234   0    180.41J 02706439.6221591.3  0
1235   0 336     97.001235   0     91.82J 02706446.6221579.9  0
1236   1 336   3503.001236   1   1575.54J 02706354.8221600.3  0
1236   2 336   9110.001236   2   5819.40J 02706265.4221403.0  0
1236   4 336   2371.001236   4   2371.40J 02706444.8221526.0  0
1236   9 336    214.001236   9    160.65J 02706245.0221598.7  0
1236  10 336   1073.001236  10    902.75J 02706243.4221575.8  0
1236  14 336    449.001236  14    260.88J 02706244.8221606.1  0
1236  18 336    902.001236  18    901.83J 02706391.9221527.7  0
1236  19 336   1317.001236  19   1317.51J 02706443.1221550.5  0
1236  20 336  10474.001236  20  10395.01J 02706360.5221505.4  0
1236  21 336   4809.001236  21   4809.00J 02706308.2221540.6  0
1236  22 336   4743.001236  22   3159.95J 02706373.6221584.0  0
1236  24 336   2570.001236  24   2285.04J 02706279.2221589.3  0
1236  29 336    159.001236  29     92.79J 02706322.6221605.5  0
1236  30 336    159.001236  30     80.03J 02706315.7221605.9  0
1236  31 336    159.001236  31     66.81J 02706309.0221607.0  0
1236  32 336    158.001236  32     52.83J 02706302.4221608.0  0
1237   0 336    398.001237   0    401.13B 02706512.5221455.1  0
1237   1 336     29.001237   1     30.54J 02706516.3221424.9  0
1238   0 336    252.001238   0    245.75B 02706519.4221408.0  0
1239   0 336    650.001239   0    636.73A 02706503.9221363.5  0
1239   1 336   6296.001239   1   6149.85B 02706365.1221416.1  0
1239   2 336   2573.001239   2   2522.57G 02706323.6221402.5  0
1239   3 336  10887.001239   3  10852.52J 02706433.4221462.6  0
1239   4 336   5466.001239   4   5439.93J 02706442.1221382.8  0
1239   5 336     45.001239   5     44.60J 02706489.8221487.9  0
1239   6 336    650.001239   6    636.72A 02706503.7221392.3  0
1240   0 336   1261.001240   0   1259.27D 02706495.2221256.0  0
1287   0 336  19518.001287   0  19454.61J 02706474.1221282.1  0
1474   0 336   3351.001474   0   3296.71V 02706415.4221126.1  0
1474   1 336   3351.001474   1   3298.26V 02706370.5221150.0  0
1474   2 336   3351.001474   2   3308.08V 02706330.7221186.0  0
1477   0 336   4409.001477   0   4365.79V 02706309.3221322.9  0
1477   1 336   4409.001477   1   4242.65V 02706259.1221317.1  0
1477   2 336   4409.001477   2    879.89V 02706234.2221298.9  0
1477   3 336   3659.001477   3   1785.90V 02706238.6221228.5  0
1477   7 336   3748.001477   7   3738.55V 02706284.6221236.7  0
1477   8 336   3132.001477   8   3123.21V 02706322.2221256.4  0
1477   9 336   2691.001477   9      0.11V 02706227.1221186.9  0
1481   0 336   3780.001481   0    972.25V 02706236.3221464.8  0
1481   1 336   2736.001481   1    447.14V 02706235.9221546.1  0
1483   2 336   3440.001483   2     47.96  02706234.4221604.8  0
1483   6 336   2527.001483   6     78.15  02706231.2221607.0  0
9012   3 336      0.009012   3   1413.80  02706503.4221465.9  0
9015   3 336      0.009015   3   4991.68  02706837.8220881.6  0
9016   2 336      0.009016   2     74.18  02706502.7221484.7  0
9016   3 336      0.009016   3    138.88  02706694.3221453.0  0
9016   4 336      0.009016   4   4812.76  02706674.5220866.3  0
9016   5 336      0.009016   5    583.18  02706700.2220918.7  0
9016   6 336      0.009016   6    105.63  02706703.3221018.0  0
9016   7 336      0.009016   7    511.78  02706662.6221140.9  0
9016   8 336      0.009016   8    283.17  02706710.6221139.0  0
9016   9 336      0.009016   9    123.79  02706648.6221251.8  0
9016  10 336      0.009016  10    292.97  02706681.1221376.8  0
9016  13 336      0.009016  13    460.71  02706744.8221531.5  0
9016  24 336      0.009016  24   5364.34  02706612.9221221.4  0
