KC0336   95  0 0 09012
  51   0 336    145.00  51   0    147.68B 02706959.4222051.9  0
  52   0 336    296.00  52   0    292.66B 02706972.2222037.8  0
  52   1 336     29.00  52   1     25.01B 02706966.8222025.8  0
  53   0 336   1575.00  53   0   1464.36B 02706971.5222004.8  0
  53   1 336    458.00  53   1    458.29B 02706968.8222051.4  0
  53   2 336     77.00  53   2     73.07B 02706967.6222072.2  0
  54   0 336    204.00  54   0    196.70B 02707027.6222039.9  0
  55   0 336   1057.00  55   0   1048.03B 02707005.6222034.1  0
  56   0 336   3501.00  56   0   3494.41B 02707110.2222094.1  0
  57   0 336    485.00  57   0    477.14G 02707196.2222123.6  0
  58   0 336   4686.00  58   0   4647.38J 02707137.5221985.5  0
  58   1 336    500.00  58   1    469.71A 02707080.8222014.5  0
  58   2 336    358.00  58   2    346.94J 02707103.7221997.4  0
  59   0 336    772.00  59   0    795.07J 02707108.7221951.7  0
  59   1 336    106.00  59   1    110.08J 02707090.5221978.5  0
  60   0 336   1916.00  60   0   1894.89C 02707141.4221782.0  0
  61   0 336   1615.00  61   0   1587.97G 02707116.6221807.7  0
  62   0 336   4440.00  62   0   4426.67B 02707054.2221840.7  0
  62   1 336   1360.00  62   1   1350.67B 02707000.7221869.9  0
  64   0 336    693.00  64   0    674.52B 02706993.9221832.8  0
  65   0 336    720.00  65   0    686.19C 02706975.2221857.5  0
  65   1 336   3121.00  65   1    707.11B 02706978.5221844.4  0
  66   0 336    834.00  66   0    379.46G 02706963.6221883.4  0
  67   0 336    184.00  67   0    188.39J 02706976.7221904.6  0
  76   0 336   2502.00  76   0   2074.57  02707194.7221637.9  0
  76   7 336    115.00  76   7    115.00  02707238.4221629.4  0
  76   8 336     74.00  76   8     46.27  02707150.0221622.1  0
  76  12 336   2555.00  76  12    445.14  02707021.5221627.2  0
  76  16 336   2554.00  76  16    737.77  02706988.3221628.2  0
  76  17 336   2588.00  76  17    329.64  02706963.2221627.6  0
  76  27 336   2524.00  76  27    209.93  02707230.1221623.9  0
  76  35 336   2574.00  76  35     11.45  02707146.0221620.1  0
 986   1 336    967.00 986   1    350.99J 02707157.7221639.2  0
 987   0 336   6668.00 987   0   6053.65J 02707110.3221653.6  0
 988   0 336   2990.00 988   0   3008.07J 02707082.0221668.3  0
 988   2 336  10626.00 988   2   6729.23J 02706998.8221681.6  0
 990   2 336  11162.00 990   2  11023.79J 02707193.2221802.1  0
 990   3 336  24197.00 990   3  24082.66J 02707171.1221696.2  0
 990   4 336  15412.00 990   4   5322.96J 02706978.5221760.1  0
 990   5 336    731.00 990   5    722.04J 02707256.9221768.6  0
 991   0 336  14030.00 991   0  13881.28J 02707093.9221881.5  0
 991   1 336    272.00 991   1      4.91B 02706953.9221951.6  0
 991   2 336    533.00 991   2    254.15C 02706960.8221941.5  0
 992   0 336   1009.00 992   0   1014.17J 02707074.5221953.1  0
 993   0 336  15586.00 993   0  15661.38J 02707202.8221996.9  0
 994   0 336  16079.00 994   0  16079.39J 02707152.1222030.5  0
 994   1 336   4662.00 994   1   4664.73J 02707051.9222015.8  0
 995   0 336    931.00 995   0    841.84B 02706971.8221976.9  0
 996   0 336    567.00 996   0    179.84B 02706957.4222018.3  0
 996   1 336     58.00 996   1     48.50B 02706960.6222032.4  0
1001   0 336   7394.001001   0   3245.91J 02706971.2222182.5  0
1001   1 336   1060.001001   1    343.22J 02706963.2222111.2  0
1001   2 336   1002.001001   2    996.29J 02706984.8222149.0  0
1001   3 336     39.001001   3     32.71J 02706970.6222122.4  0
1001   5 336   7395.001001   5     14.54J 02706955.5222115.8  0
1002   0 336    993.001002   0    977.71G 02706982.9222092.4  0
1002   1 336     79.001002   1     72.35G 02706961.2222089.8  0
1002   2 336     29.001002   2     29.95G 02706981.0222108.7  0
1002   3 336     15.001002   3     12.54G 02706984.7222112.6  0
1003   0 336    151.001003   0    132.19C 02707001.7222099.7  0
1003   1 336   2223.001003   1   2364.31C 02707008.9222156.1  0
1004   0 336    105.001004   0    113.08B 02707030.3222278.6  0
1004   1 336    824.001004   1    808.36J 02707013.8222343.7  0
1004   2 336      7.001004   2      6.57B 02706979.7222115.3  0
1004   3 336    775.001004   3    323.84B 02706956.5222080.1  0
1004   6 336   2997.001004   6   2960.87B 02707037.0222220.5  0
1004   8 336    208.001004   8    220.75J 02707010.5222298.0  0
1004   9 336  10708.001004   9   9660.56J 02706980.5222285.2  0
1005   0 336  19465.001005   0    987.25J 02706957.9222371.1  0
1006   0 336  16010.001006   0  15971.19J 02707121.7222348.8  0
1006   1 336   1433.001006   1   1422.33G 02707035.9222300.9  0
1006   2 336   2535.001006   2   2467.86B 02707049.2222371.9  0
1006   3 336    805.001006   3    753.46G 02707089.1222414.5  0
1006   4 336  17884.001006   4  17933.37J 02707136.8222142.7  0
1006   5 336    155.001006   5    154.49J 02706974.0222054.5  0
1006   7 336    149.001006   7    136.99J 02707055.8222287.7  0
1006   8 336   2739.001006   8   2735.70J 02707161.3222257.6  0
1006  10 336    312.001006  10    311.51G 02707038.1222329.3  0
1006  11 336   2886.001006  11   2881.71J 02707139.1222225.2  0
1006  12 336   2793.001006  12   2785.80J 02707082.6222269.1  0
1006  13 336   2805.001006  13   2796.06J 02707079.1222225.3  0
1006  14 336   2762.001006  14   2745.13J 02707069.2222180.0  0
1006  15 336   3623.001006  15   3621.59J 02707035.8222135.2  0
1007   0 336   6122.001007   0   5853.20J 02707143.6222466.1  0
1007   1 336   1535.001007   1   1551.08J 02707058.9222416.1  0
1007   2 336   6625.001007   2   6649.98J 02707023.9222431.4  0
1007   3 336  20061.001007   3   5153.90J 02707078.2222479.6  0
1008   0 336   8196.001008   0   1993.28J 02707178.7222497.2  0
1009   1 336  15329.001009   1    525.97J 02706960.1222507.3  0
1009   1 336  15329.001009   1    707.10J 02706965.1222432.1  0
1009   9 336  12869.001009   9   5313.67J 02706991.1222483.9  0
9006   1 336      0.009006   1    167.55  02707163.1222489.8  0
9011   1 336      0.009011   1    533.43  02707028.8221826.3  0
9012   4 336      0.009012   4    119.66  02706974.9222113.4  0
9012   4 336      0.009012   4   1249.42  02707062.7221868.8  0
