KC0336  301  0 0 09012
  14   0 336   2607.00  14   0   2582.58  02706609.3222380.4  0
  14   6 336   2534.00  14   6   2509.98  02706595.5222330.6  0
  14   7 336    784.00  14   7    776.68  02706612.8222315.8  0
  14   8 336   2820.00  14   8   2793.67  02706583.7222275.5  0
  14   9 336   2679.00  14   9   2653.43  02706627.5222297.2  0
  14  10 336   3599.00  14  10   3565.00  02706575.2222164.9  0
  15   0 336   1145.00  15   0   1147.47A 02706533.6222330.7  0
  16   0 336    578.00  16   0    557.55G 02706521.5222243.1  0
  16   2 336    411.00  16   2    396.36G 02706524.1222227.1  0
  17   0 336   2545.00  17   0   2538.43  02706496.6222371.3  0
  17   4 336      1.00  17   4      1.00  02706498.8222270.0  0
  17   8 336     22.00  17   8     21.63  02706517.1222178.8  0
  17  19 336   2619.00  17  19   2611.46  02706482.9222218.0  0
  17  21 336   2619.00  17  21   2611.39  02706480.9222160.8  0
  17  22 336   2619.00  17  22   2611.41  02706492.8222112.4  0
  17  24 336   2623.00  17  24   2615.51  02706496.4222066.3  0
  17  25 336    668.00  17  25    666.01  02706458.6222201.6  0
  17  26 336   2516.00  17  26   2509.82  02706525.0222166.4  0
  17  27 336   2511.00  17  27   2503.67  02706545.9222072.9  0
  17  28 336   2510.00  17  28   2503.00  02706512.9222292.8  0
  17  30 336   2513.00  17  30   2506.03  02706528.7222209.9  0
  17  31 336   2510.00  17  31   2503.05  02706476.1222297.5  0
  17  32 336   2622.00  17  32   2614.30  02706477.1222373.0  0
  17  33 336    100.00  17  33     99.72  02706445.5222414.2  0
  19   0 336   2568.00  19   0   2546.79B 02706557.0222010.4  0
  20   0 336    829.00  20   0    782.45G 02706565.3221965.6  0
  20   1 336   1018.00  20   1   1035.61J 02706545.3221960.4  0
  21   0 336   4845.00  21   0   4804.89B 02706582.5221899.9  0
  22   0 336    752.00  22   0    723.04B 02706583.2221859.0  0
  23   0 336    640.00  23   0    650.64B 02706649.5221903.7  0
  24   0 336   3695.00  24   0   3696.52B 02706700.1222005.7  0
  24   1 336   3792.00  24   1   3729.75C 02706671.5222012.3  0
  25   0 336    398.00  25   0    415.58G 02706731.3222042.6  0
  26   0 336   3375.00  26   0   3358.39C 02706753.1222084.8  0
  26   1 336    621.00  26   1    602.60A 02706758.7222057.9  0
  26   2 336    388.00  26   2    403.96C 02706742.3222117.5  0
  27   0 336   1435.00  27   0   1440.58A 02706788.1222178.8  0
  27   1 336    156.00  27   1    156.08A 02706768.6222180.8  0
  28   0 336    698.00  28   0    700.98B 02706747.2222202.7  0
  29   0 336    291.00  29   0    296.67B 02706749.3222227.0  0
  30   0 336   3230.00  30   0   3214.60B 02706730.2222238.4  0
  31   0 336   1246.00  31   0   1264.28C 02706722.0222262.0  0
  32   0 336   1780.00  32   0   1796.63B 02706762.8222358.0  0
  33   0 336    141.00  33   0    126.57B 02706789.9222457.3  0
  35   0 336    412.00  35   0    386.63B 02706842.2222450.1  0
  35   1 336     92.00  35   1     87.21C 02706811.3222425.2  0
  36   0 336    718.00  36   0    729.37B 02706839.5222484.8  0
  37   0 336   2715.00  37   0   1578.85B 02706845.8222505.8  0
  37   1 336   1179.00  37   1     39.01B 02706885.5222519.0  0
  38   1 336   1300.00  38   1   1330.12B 02706821.1222471.3  0
  39   0 336    999.00  39   0    336.43G 02706909.4222514.8  0
  39   1 336    761.00  39   1    736.49A 02706913.0222464.6  0
  53   0 336   1575.00  53   0     92.93B 02706949.5221989.7  0
  53   1 336    458.00  53   1     21.36B 02706951.4222038.1  0
  65   1 336   3121.00  65   1   2442.90B 02706929.2221824.0  0
  66   0 336    834.00  66   0    445.95G 02706943.4221881.9  0
  68   0 336    145.00  68   0    143.73C 02706937.0221919.1  0
  68   1 336    452.00  68   1    454.30B 02706925.1221920.2  0
  69   0 336   1890.00  69   0   1845.71B 02706846.5221784.8  0
  69   1 336    886.00  69   1    861.22B 02706893.4221869.2  0
  69   2 336    118.00  69   2     84.50B 02706894.2221816.6  0
  69   3 336    138.00  69   3    123.82B 02706906.4221900.9  0
  69   4 336     80.00  69   4     71.16B 02706866.3221831.9  0
  69   5 336    430.00  69   5    435.18B 02706825.9221770.6  0
  69   6 336     65.00  69   6     65.09  02706918.5221912.1  0
  69   7 336    316.00  69   7    316.46  02706915.7221906.7  0
  70   0 336   1392.00  70   0   1413.92B 02706906.8221856.2  0
  70   1 336    151.00  70   1    123.43B 02706921.0221885.1  0
  70   2 336    189.00  70   2    208.01B 02706932.8221872.9  0
  70   3 336     84.00  70   3     90.50C 02706921.0221890.9  0
  70   4 336    185.00  70   4    177.21F 02706915.6221840.2  0
  70   5 336    180.00  70   5    177.94C 02706872.6221785.7  0
  71   0 336    101.00  71   0     93.54B 02706913.0221846.8  0
  72   0 336    704.00  72   0    719.47B 02706830.7221732.2  0
  72   1 336   5731.00  72   1   4227.63B 02706783.3221669.6  0
  72   2 336    473.00  72   2    456.39B 02706875.4221811.5  0
  72   3 336    444.00  72   3    391.80B 02706869.7221788.3  0
  72   4 336    380.00  72   4    388.14B 02706844.6221748.0  0
  72   5 336    288.00  72   5    293.80B 02706853.2221771.9  0
  73   0 336    640.00  73   0    626.03B 02706800.4221676.9  0
  74   0 336   1537.00  74   0   1542.85C 02706826.4221668.5  0
  75   0 336    917.00  75   0    880.00B 02706821.8221640.2  0
  76   1 336   3596.00  76   1     34.90  02706858.0221621.8  0
  76  13 336    240.00  76  13     68.66  02706864.7221620.8  0
  76  14 336     51.00  76  14     51.36  02706845.8221635.3  0
  76  17 336   2588.00  76  17    798.38  02706933.0221629.0  0
  76  18 336   2519.00  76  18   2334.42  02706879.3221642.4  0
  83   1 336   2622.00  83   1    317.53J 02706843.7221623.8  0
  84   0 336   2558.00  84   0    118.16  02706828.4221623.7  0
  88   1 336     39.00  88   1     31.88H 02706718.9221620.8  0
  88   2 336   1204.00  88   2     40.14C 02706713.4221619.4  0
  88   2 336   1204.00  88   2     89.97C 02706725.8221622.1  0
  96   4 336     39.00  96   4     10.64B 02706670.1221619.4  0
  96   6 336   2150.00  96   6    856.42B 02706640.2221624.2  0
  96   7 336   3344.00  96   7   1195.15B 02706576.0221655.7  0
  96   8 336   4877.00  96   8   4868.22B 02706547.6221699.7  0
  96   9 336    593.00  96   9    586.41B 02706574.6221757.8  0
  96  10 336   4031.00  96  10   3967.32B 02706511.8221713.6  0
  96  11 336   1893.00  96  11   1905.15B 02706474.5221672.1  0
  96  12 336   1526.00  96  12   1505.80B 02706486.5221742.2  0
  96  15 336   5542.00  96  15   3059.50B 02706532.7221638.5  0
  96  16 336    458.00  96  16    454.83B 02706467.0221648.4  0
  96  17 336   1600.00  96  17   1621.38B 02706513.6221777.2  0
  96  18 336    864.00  96  18    878.59B 02706481.3221783.9  0
  96  22 336   2252.00  96  22   2229.18B 02706620.4221642.7  0
  96  23 336   2150.00  96  23   2128.21B 02706606.7221680.4  0
  99   0 336   2803.00  99   0     48.27B 02706404.5221620.5  0
 101   0 336   1081.00 101   0    945.03B 02706426.3221633.4  0
 102   0 336   1726.00 102   0   1091.58G 02706461.9221632.0  0
 103   0 336   2542.00 103   0   2546.28B 02706361.8221722.4  0
 103   1 336    277.00 103   1    293.90A 02706405.3221720.3  0
 103   2 336    983.00 103   2    990.76B 02706425.7221684.8  0
 103   3 336   3197.00 103   3   3180.83B 02706432.2221754.0  0
 103   4 336    597.00 103   4    587.72B 02706457.9221736.6  0
 103   6 336     29.00 103   6     30.29B 02706351.3221741.6  0
 103   7 336     29.00 103   7     28.90B 02706332.2221718.8  0
 103   8 336     53.00 103   8     29.55B 02706386.9221720.8  0
 103   9 336    842.00 103   9    829.79B 02706418.2221657.4  0
 103  10 336    170.00 103  10    181.41A 02706420.1221720.0  0
 103  11 336    179.00 103  11    178.84A 02706393.0221712.4  0
 103  12 336    295.00 103  12    307.59A 02706384.2221703.5  0
 103  17 336    367.00 103  17    364.93B 02706400.1221697.1  0
 103  18 336   1096.00 103  18   1089.64B 02706401.7221679.0  0
 103  19 336    548.00 103  19    544.57B 02706374.4221680.7  0
 104   0 336   1174.00 104   0   1145.14B 02706456.9221678.8  0
 104   1 336    919.00 104   1    922.97B 02706463.1221706.5  0
 104   2 336    109.00 104   2    103.56B 02706439.9221649.7  0
 106   0 336    194.00 106   0    195.39D 02706478.9221860.0  0
 107   0 336   5616.00 107   0   5595.50B 02706421.9221933.1  0
 108   0 336   1009.00 108   0   1002.39G 02706400.1222019.8  0
 109   0 336   3153.00 109   0   3133.38B 02706371.8222128.6  0
 109   1 336   1446.00 109   1   1449.76B 02706394.0222276.1  0
 109   2 336    722.00 109   2    719.30B 02706382.1222224.3  0
 109   3 336   1345.00 109   3   1369.47B 02706396.2222212.8  0
 109   4 336   1318.00 109   4   1305.75B 02706321.8222208.1  0
 110   0 336     44.00 110   0     45.66C 02706415.2222286.0  0
 110   1 336     58.00 110   1     55.07C 02706411.8222285.2  0
 111   0 336   1466.00 111   0   1416.41J 02706376.2222372.3  0
 111   1 336   6168.00 111   1   6088.36J 02706439.0222276.6  0
 111   2 336   3000.00 111   2   3035.91J 02706426.4222195.8  0
 111   3 336   9843.00 111   3   9916.58J 02706416.1222384.2  0
 113   0 336    301.00 113   0    280.79B 02706386.0222307.9  0
 113   1 336    278.00 113   1    282.25G 02706399.3222323.7  0
 113   2 336    279.00 113   2    278.90G 02706380.8222323.0  0
 114   0 336    184.00 114   0    184.05B 02706296.3222250.1  0
 114   1 336    407.00 114   1    407.69B 02706287.8222243.5  0
 117   0 336   3854.00 117   0   1812.76B 02706236.2222115.6  0
 126   0 336   1983.00 126   0    920.58B 02706242.7222043.2  0
 126   1 336   2565.00 126   1   1268.19G 02706239.1222018.4  0
 126   2 336   2837.00 126   2   2798.14B 02706273.1221987.8  0
 127   0 336   4315.00 127   0   4273.07B 02706344.5221888.4  0
 127   3 336   1528.00 127   3   1735.23B 02706278.4221924.2  0
 127   4 336    101.00 127   4     99.12B 02706262.1221924.7  0
 127   5 336    142.00 127   5    121.52B 02706384.1221865.5  0
 127   6 336   1341.00 127   6   1244.48B 02706239.0221949.6  0
 127   7 336    618.00 127   7     30.42B 02706227.7221981.8  0
 128   0 336   1874.00 128   0   1870.40J 02706296.5221862.3  0
 129   0 336   1424.00 129   0   1437.92B 02706247.6221888.0  0
 129   1 336    829.00 129   1    820.45B 02706279.2221879.3  0
 130   0 336   1913.00 130   0    291.29B 02706229.2221870.7  0
 131  14 336   2159.00 131  14     63.22B 02706227.7221910.4  0
 132   0 336   1456.00 132   0     63.47B 02706228.1221928.8  0
 149   0 336   5051.00 149   0   2070.16B 02706265.2222504.1  0
 150   0 336    126.00 150   0    134.27J 02706264.6222492.4  0
 988   2 336  10626.00 988   2   3770.69J 02706913.3221665.1  0
 989   0 336  10037.00 989   0  10028.00J 02706857.3221951.5  0
 989   1 336    345.00 989   1    351.78J 02706692.3221653.3  0
 989   2 336    226.00 989   2    241.30J 02706652.9221731.8  0
 989   3 336     44.00 989   3     44.50J 02706622.6221784.9  0
 989   4 336  30110.00 989   4  30081.12J 02706765.1221777.7  0
 990   0 336   1009.00 990   0    984.75J 02706929.5221776.2  0
 990   1 336    242.00 990   1    250.08J 02706837.6221698.7  0
 990   4 336  15412.00 990   4  10074.60J 02706904.3221738.9  0
 991   0 336  14030.00 991   0    152.20J 02706947.7221914.0  0
 991   1 336    272.00 991   1    252.40B 02706939.9221943.5  0
 991   2 336    533.00 991   2    287.99C 02706947.2221927.1  0
 991   2 336    533.00 991   2      4.95C 02706951.1221955.6  0
 995   0 336    931.00 995   0    119.91B 02706947.4221967.2  0
 996   0 336    567.00 996   0    382.58B 02706947.6222003.4  0
 996   1 336     58.00 996   1     11.35B 02706950.1222030.2  0
 997   0 336    744.00 997   0    769.89J 02706917.8221971.0  0
 997   1 336    863.00 997   1    857.07B 02706934.8221956.3  0
 998   0 336  15407.00 998   0  15280.02J 02706700.6221866.2  0
 999   0 336    412.00 999   0    415.51A 02706681.9221902.4  0
1000   0 336   8670.001000   0   8712.78J 02706827.2222078.7  0
1000   1 336   9305.001000   1   9287.32J 02706860.8222164.4  0
1000   2 336    116.001000   2    116.13J 02706769.4222152.6  0
1000   4 336   5533.001000   4   5560.98J 02706802.6221996.7  0
1000   5 336   8671.001000   5   8713.50J 02706743.4221947.9  0
1000   8 336   2600.001000   8   2612.99J 02706752.6222016.3  0
1000   9 336    159.001000   9    160.16J 02706762.9222038.2  0
1000  10 336    266.001000  10    266.36J 02706775.8222050.5  0
1000  11 336    111.001000  11    111.83J 02706779.1222067.0  0
1001   0 336   7394.001001   0   4138.25J 02706936.9222187.2  0
1001   1 336   1060.001001   1    727.96J 02706936.0222071.4  0
1001   4 336    448.001001   4    444.26J 02706928.1222007.0  0
1001   5 336   7395.001001   5   7371.53J 02706891.3222068.1  0
1004   3 336    775.001004   3    475.38B 02706948.4222060.0  0
1004   4 336    605.001004   4    665.71B 02706933.7221984.9  0
1004   9 336  10708.001004   9   1045.31J 02706944.6222281.2  0
1005   0 336  19465.001005   0  18539.30J 02706900.9222345.2  0
1005   1 336   4766.001005   1   4664.49J 02706806.7222327.9  0
1005   2 336   9498.001005   2   9530.73J 02706856.8222240.4  0
1005   4 336    378.001005   4    378.19J 02706799.7222272.0  0
1009   1 336  15329.001009   1   9246.83J 02706876.7222468.9  0
1009   9 336  12869.001009   9    394.63J 02706943.5222469.8  0
1025   0 336  10000.001025   0   8260.42J 02706738.1222461.1  0
1026   0 336  22640.001026   0  22549.96J 02706668.8222276.5  0
1026   1 336    255.001026   1    254.16J 02706725.5222359.5  0
1027   0 336   7973.001027   0   7917.52J 02706681.8222112.5  0
1028   0 336   3870.001028   0   3842.28J 02706650.7222027.5  0
1029   1 336  13216.001029   1  12948.60J 02706618.3222102.9  0
1030   0 336   9617.001030   0   9167.15J 02706613.2222446.4  0
1030   4 336    349.001030   4    349.37A 02706645.5222439.7  0
1030   6 336  13634.001030   6   3941.62J 02706645.2222504.0  0
1030  10 336    833.001030  10    833.18J 02706669.2222465.8  0
1049   0 336   3005.001049   0   1692.46J 02706540.3222504.0  0
1049  14 336   2006.001049  14    561.48J 02706497.8222464.8  0
1049  15 336   2561.001049  15    557.65J 02706503.4222500.7  0
1049  23 336   2528.001049  23    616.90J 02706479.8222508.1  0
1049  24 336   2617.001049  24   2609.30J 02706469.3222462.2  0
1049  25 336   2923.001049  25   2914.86J 02706522.8222458.9  0
1056   0 336  15121.001056   0   9743.14J 02706387.8222481.9  0
1056   1 336   5103.001056   1   5128.26J 02706320.0222450.5  0
1056   2 336   3179.001056   2     10.78J 02706239.2222519.5  0
1056   2 336   3179.001056   2   1252.79J 02706279.4222485.2  0
1056   3 336   5102.001056   3   5135.28J 02706279.4222442.4  0
1056   4 336   5102.001056   4   2413.06J 02706238.3222435.8  0
1058   1 336   2527.001058   1   2541.71J 02706505.4222023.5  0
1058   5 336   1226.001058   5   1227.80  02706537.1222358.3  0
1060   1 336    339.001060   1    332.29J 02706442.4222068.2  0
1060   3 336     68.001060   3     68.29B 02706400.3222309.6  0
1060   5 336   8458.001060   5   8470.31J 02706413.3222102.0  0
1061   0 336   2458.001061   0   2456.61J 02706351.8222363.8  0
1061   1 336    252.001061   1    243.15B 02706373.5222294.3  0
1061   2 336   1930.001061   2   1923.15J 02706329.1222232.7  0
1061   3 336   3924.001061   3   3960.39J 02706358.9222260.4  0
1062   0 336   2038.001062   0   2022.30J 02706316.4222295.6  0
1062   1 336  12674.001062   1  12631.58J 02706325.4222139.8  0
1062   2 336    940.001062   2    914.94B 02706294.4222273.1  0
1062   3 336   1577.001062   3   1547.71G 02706268.2222279.5  0
1062   4 336   7976.001062   4   4292.93J 02706237.3222276.5  0
1062   5 336   4231.001062   5   4238.12J 02706304.7222352.8  0
1062   6 336   3745.001062   6   3750.39J 02706257.4222345.5  0
1063   0 336   8380.001063   0   8390.18J 02706532.5221917.1  0
1064   0 336  12420.001064   0  12383.66J 02706463.6221949.5  0
1065   0 336    577.001065   0    577.56J 02706408.6221957.1  0
1066   0 336   4117.001066   0   4122.79J 02706376.4221989.9  0
1067   0 336   2507.001067   0   2519.85J 02706336.2221981.5  0
1068   0 336   1613.001068   0   1608.59B 02706302.1221989.7  0
1068   1 336    666.001068   1    677.65B 02706331.3221941.6  0
1069   0 336   4917.001069   0   4845.67J 02706294.3222039.5  0
1070   0 336   1804.001070   0   1798.07J 02706279.4222091.4  0
1071   0 336    344.001071   0    351.31B 02706252.3222094.5  0
1072   0 336   3056.001072   0   2870.76J 02706259.0222155.3  0
1072   1 336   2473.001072   1   1275.31J 02706239.4222197.5  0
1073   0 336    223.001073   0      2.49B 02706225.9222179.7  0
1073   0 336    223.001073   0     21.16B 02706226.9222162.3  0
1103   0 336    369.001103   0     33.57H 02706229.8221920.1  0
1233   0 336   1301.001233   0   1286.39B 02706331.7221730.7  0
1233   1 336     29.001233   1     30.62B 02706448.7221733.5  0
1233   2 336    107.001233   2    100.79B 02706395.5221641.4  0
1233   4 336    680.001233   4    674.01B 02706399.6221792.8  0
1233   7 336   2287.001233   7   2254.39B 02706380.6221762.8  0
1233   9 336     25.001233   9     30.41B 02706345.9221731.5  0
1233  10 336    335.001233  10    339.88B 02706335.8221697.9  0
1233  12 336     42.001233  12     44.02A 02706404.4221731.1  0
1233  13 336   2742.001233  13   2713.90B 02706326.1221753.4  0
1233  14 336   1992.001233  14   1969.88B 02706303.0221756.4  0
1233  15 336   2155.001233  15   2131.20B 02706279.6221757.3  0
1233  16 336   2070.001233  16   2021.06B 02706255.2221757.8  0
1233  17 336   2024.001233  17   1131.86B 02706236.7221763.6  0
1236   0 336    378.001236   0    367.56A 02706268.5221635.5  0
1236   1 336   3503.001236   1   1921.18J 02706346.7221637.2  0
1236   3 336   1266.001236   3   1266.79J 02706327.8221683.1  0
1236   5 336   2685.001236   5   1994.99J 02706248.8221647.5  0
1236   8 336   1171.001236   8   1220.72J 02706314.0221657.4  0
1236  14 336    449.001236  14    199.10J 02706255.6221620.6  0
1236  22 336   4743.001236  22   1583.14J 02706374.2221640.3  0
1236  23 336   2990.001236  23   2306.46J 02706266.5221698.2  0
1236  24 336   2570.001236  24    284.79J 02706284.6221620.8  0
1236  26 336    282.001236  26    274.15A 02706281.7221631.8  0
1236  28 336    126.001236  28    122.91A 02706293.6221635.0  0
1236  29 336    159.001236  29     65.90J 02706325.9221621.1  0
1236  30 336    159.001236  30     78.63J 02706319.2221622.0  0
1236  31 336    159.001236  31     92.03J 02706312.6221623.2  0
1236  32 336    158.001236  32    105.08J 02706306.0221624.1  0
1236  33 336    203.001236  33    203.64J 02706281.0221661.9  0
1236  34 336    509.001236  34    510.28J 02706250.9221668.0  0
1483   2 336   3440.001483   2     99.64  02706245.7221622.6  0
1483   5 336   2525.001483   5      0.01  02706227.1221645.1  0
1483   6 336   2527.001483   6    274.12  02706233.8221626.5  0
9002   1 336      0.009002   1   1304.44  02706637.7222248.6  0
9006   3 336      0.009006   3   8674.66  02706797.8222403.5  0
9007   1 336      0.009007   1     84.01  02706810.7222514.5  0
9011   1 336      0.009011   1     70.29  02706945.2221866.6  0
9012   2 336      0.009012   2   1319.71  02706274.4221847.2  0
9012   3 336      0.009012   3    614.43  02706370.4221669.1  0
9012   4 336      0.009012   4  49354.94  02706594.3221769.5  0
9012   4 336      0.009012   4    551.37  02706842.4221684.4  0
9012   4 336      0.009012   4    347.48  02706932.8221896.0  0
