KC0336  215  0 0 09012
   4   0 336   2574.00   4   0    388.11  02706700.0223423.7  0
   4   1 336   2732.00   4   1    643.24  02706670.9223419.1  0
   4   2 336   2437.00   4   2    887.48  02706633.9223420.2  0
   4   3 336   1081.00   4   3     86.43  02706610.2223420.2  0
   4   8 336   1987.00   4   8    808.50  02706590.4223418.2  0
   6   1 336   2653.00   6   1   2615.49  02706762.6223157.0  0
   6   2 336   2519.00   6   2   2509.45  02706852.5223295.0  0
   6   3 336   2534.00   6   3   2524.29  02706778.6223190.3  0
   6   4 336   2520.00   6   4   2509.77  02706801.8223224.9  0
   6   5 336    187.00   6   5    185.91  02706878.3223336.8  0
   6   7 336    959.00   6   7    958.88  02706825.5223300.0  0
   6  10 336   2730.00   6  10   2718.87  02706742.5223244.1  0
   6  11 336   2634.00   6  11   2623.98  02706724.4223287.8  0
   6  14 336   2880.00   6  14   2868.72  02706665.6223233.4  0
   6  18 336   2521.00   6  18   2510.69  02706825.5223259.3  0
   6  20 336   2515.00   6  20   2505.50  02706679.2223324.8  0
   6  21 336   2515.00   6  21   2505.36  02706724.1223359.0  0
   6  22 336   2549.00   6  22   2540.20  02706755.7223388.1  0
   6  47 336   2552.00   6  47     90.95  02706804.3223426.6  0
   6  52 336   2671.00   6  52   1897.44  02706778.9223413.4  0
   6  54 336    350.00   6  54    349.22  02706706.2223164.8  0
   6  55 336   2646.00   6  55   2635.47  02706715.3223203.2  0
   6  67 336   2012.00   6  67     86.76  02706872.6223421.1  0
   6  71 336   3109.00   6  71    167.26  02706902.6223425.3  0
   6  73 336   2363.00   6  73    167.87  02706882.3223423.9  0
   6  74 336   2038.00   6  74   2038.45  02706889.6223380.0  0
   6  77 336    955.00   6  77    513.68  02706871.9223385.9  0
   6  83 336     91.00   6  83     90.67  02706880.7223411.7  0
   6  87 336   2502.00   6  87   2502.59  02706844.2223341.4  0
   6  88 336   2507.00   6  88   2507.97  02706760.3223309.6  0
   6  89 336   2502.00   6  89   2502.61  02706788.7223335.2  0
   6  90 336   2502.00   6  90   2502.60  02706815.9223366.9  0
   6  91 336   1235.00   6  91   1235.39  02706787.6223378.2  0
   6  92 336   2523.00   6  92   2326.99  02706828.9223412.2  0
   6 100 336    555.00   6 100    546.98  02706857.0223248.0  0
   6 101 336   2552.00   6 101   2516.69  02706723.8223136.8  0
   6 102 336    269.00   6 102    264.61  02706709.3223150.3  0
   6 105 336   2634.00   6 105   2623.96  02706684.1223272.4  0
   9   0 336    456.00   9   0    454.09C 02706598.4223126.7  0
  10   0 336   1460.00  10   0   1423.42B 02706617.3223081.6  0
  10   2 336   1009.00  10   2   1053.88G 02706686.6223147.0  0
  11   0 336   1896.00  11   0   1869.96B 02706618.9222984.4  0
  12   0 336    349.00  12   0    326.21C 02706589.5222853.7  0
  13   0 336   1392.00  13   0   1352.62C 02706594.0222798.8  0
  13   1 336   2671.00  13   1   2668.49J 02706696.8222634.5  0
  13   2 336   1731.00  13   2   1607.70J 02706588.9222747.5  0
  13  10 336   2663.00  13  10   2660.15J 02706682.9222695.1  0
  13  11 336   3137.00  13  11   3133.24J 02706641.6222607.8  0
  13  12 336   3156.00  13  12   3152.87J 02706633.3222653.9  0
  13  13 336   3190.00  13  13   3186.80J 02706630.7222700.8  0
  13  14 336    969.00  13  14    967.58J 02706594.5222671.5  0
  13  15 336   2858.00  13  15   2854.87J 02706567.4222636.0  0
  13  16 336   2858.00  13  16   2854.40J 02706573.8222687.9  0
  37   0 336   2715.00  37   0   1111.39B 02706833.5222539.0  0
  37   1 336   1179.00  37   1   1091.97B 02706862.8222544.5  0
  39   0 336    999.00  39   0    645.27G 02706918.1222532.4  0
  40   0 336    412.00  40   0    417.57B 02706867.2222566.9  0
  41   0 336    213.00  41   0    200.56C 02706834.4222587.0  0
  42   0 336   1993.00  42   0   1995.61C 02706910.8222617.4  0
  43   0 336    650.00  43   0    647.20C 02706889.4222627.2  0
  44   0 336   1227.00  44   0   1225.93C 02706862.2222664.5  0
  44   1 336   2003.00  44   1   1972.30B 02706843.0222729.0  0
  45   0 336     72.00  45   0     74.64J 02706902.0222705.8  0
  45   1 336     82.00  45   1     91.63C 02706897.7222710.4  0
  45   2 336    442.00  45   2    393.23C 02706887.0222709.7  0
  46   0 336    359.00  46   0    369.89C 02706863.3222742.4  0
  46   1 336    132.00  46   1    122.49C 02706874.1222747.8  0
  46   2 336     33.00  46   2     35.90C 02706877.2222751.7  0
  46   3 336    495.00  46   3    467.10J 02706885.7222767.9  0
  47   0 336   1043.00  47   0   1058.06B 02706835.9222782.8  0
  48   0 336   3434.00  48   0   3415.01B 02706808.6222885.0  0
  48  15 336   3322.00  48  15    111.55  02706938.0223427.6  0
  49   0 336    766.00  49   0    759.21G 02706803.9222976.0  0
 149   0 336   5051.00 149   0     53.78B 02706256.2222526.8  0
 149   0 336   5051.00 149   0     27.81B 02706229.1222526.8  0
 151   0 336    626.00 151   0    604.46A 02706246.7222543.8  0
 152   0 336    732.00 152   0    509.93A 02706233.5222561.4  0
 152   1 336    247.00 152   1    236.04A 02706277.1222604.6  0
 153   0 336    393.00 153   0    392.30B 02706251.9222610.5  0
 154   0 336   2498.00 154   0   2340.38B 02706286.1222658.1  0
 155   0 336    364.00 155   0    294.02B 02706234.3222658.7  0
 156   0 336    213.00 156   0    217.02B 02706267.5222720.9  0
 157   0 336   1751.00 157   0   1720.73B 02706316.0222762.8  0
 158   0 336   1217.00 158   0   1222.87B 02706356.7222771.1  0
 159   0 336   2551.00 159   0   2217.46B 02706232.1222844.4  0
 160   0 336   1503.00 160   0    275.70B 02706232.0222814.0  0
 161   0 336   2834.00 161   0   1782.61B 02706267.7222953.3  0
 162   0 336    524.00 162   0    526.00B 02706299.4223018.3  0
 162   1 336    524.00 162   1    499.09B 02706288.9222992.6  0
 163   0 336     82.00 163   0     86.95B 02706332.3223050.2  0
 164   0 336    432.00 164   0    435.55B 02706314.2223062.8  0
 165   0 336    519.00 165   0    513.27J 02706279.4223053.2  0
1009   1 336  15329.001009   1   4424.12J 02706928.5222608.2  0
1009   2 336     12.001009   2     11.62C 02706902.6222692.0  0
1009   3 336      8.001009   3      8.25C 02706901.0222691.3  0
1009   4 336  18122.001009   4   3595.22J 02706930.4222746.0  0
1009   5 336  12257.001009   5   1811.77J 02706937.2222655.0  0
1009   9 336  12869.001009   9   1586.76J 02706939.5222584.6  0
1022   1 336  22583.001022   1  13798.73J 02706918.9223313.8  0
1023   0 336  15428.001023   0  12021.07J 02706879.6223156.6  0
1023   1 336   8379.001023   1   7549.58J 02706913.7222842.8  0
1023   3 336   4251.001023   3    532.91J 02706942.4222856.9  0
1023   4 336  15428.001023   4   7704.88J 02706930.7223004.1  0
1024   0 336  11476.001024   0  11460.80J 02706859.2222856.5  0
1024   1 336  24295.001024   1  24275.90J 02706750.3223051.9  0
1024   2 336    759.001024   2    755.80J 02706781.2222979.2  0
1024   3 336   8138.001024   3   8063.47J 02706774.4222675.3  0
1024   4 336  13605.001024   4  13577.23J 02706748.6222919.7  0
1024   5 336   9808.001024   5   9801.59J 02706750.5222841.2  0
1024   6 336   9807.001024   6   9801.55J 02706764.9222748.2  0
1025   0 336  10000.001025   0   1856.82J 02706753.6222536.6  0
1025   1 336  10000.001025   1  10045.26J 02706774.9222592.9  0
1030   1 336    291.001030   1    283.72A 02706649.2222945.7  0
1030   2 336  11111.001030   2  10823.27J 02706661.4223049.8  0
1030   3 336   1282.001030   3   1279.56J 02706632.0222938.9  0
1030   6 336  13634.001030   6   9756.37J 02706647.9222570.9  0
1030   8 336  15918.001030   8  16066.03J 02706655.7222802.9  0
1030   9 336    873.001030   9    812.14J 02706549.8222727.6  0
1030  12 336    884.001030  12    882.84J 02706607.7222934.7  0
1030  13 336   1521.001030  13   1519.12J 02706592.3222900.8  0
1030  14 336   1158.001030  14   1156.98J 02706568.5222867.3  0
1030  15 336    596.001030  15    596.17J 02706659.8222937.8  0
1030  16 336   6622.001030  16   6615.68J 02706665.3222922.0  0
1030  17 336   1450.001030  17   1449.68  02706578.6222918.2  0
1031   0 336   1081.001031   0   1037.95B 02706591.8222994.5  0
1035   0 336    829.001035   0    795.90B 02706589.4223050.2  0
1036   0 336   9310.001036   0   9221.04J 02706629.7223134.9  0
1036   1 336  17621.001036   1  17457.97J 02706619.8223357.6  0
1036   2 336    630.001036   2    627.97J 02706615.0223202.4  0
1036   4 336   7676.001036   4   7607.29J 02706573.0223189.6  0
1036   5 336    930.001036   5    921.54J 02706605.9223292.8  0
1042   1 336   1512.001042   1   1404.09J 02706432.2223399.8  0
1042   2 336   7010.001042   2   6948.64J 02706520.8223322.6  0
1042   3 336   6865.001042   3   6820.87J 02706524.2223047.4  0
1042   4 336  17166.001042   4   3083.40J 02706512.9223408.4  0
1042   5 336  11166.001042   5  11119.34J 02706480.6223251.1  0
1042   6 336   7191.001042   6   7158.80J 02706535.2223128.7  0
1042   9 336    578.001042   9    578.02J 02706478.5223119.9  0
1042  10 336    995.001042  10    988.50J 02706578.5222947.4  0
1042  11 336   1760.001042  11   1749.12J 02706565.4222954.2  0
1042  12 336    358.001042  12    356.18J 02706557.6222909.6  0
1042  13 336   9183.001042  13   9125.77J 02706520.0222959.8  0
1042  14 336    819.001042  14    813.60J 02706547.2222852.6  0
1042  15 336   3420.001042  15   3398.70J 02706499.9222878.8  0
1043   0 336   3421.001043   0   3432.55J 02706473.4223376.0  0
1043   1 336   6579.001043   1   6578.40J 02706407.8223298.5  0
1044   0 336   2231.001044   0   2225.41J 02706463.3223153.7  0
1044   1 336   2318.001044   1   2318.89J 02706489.1223046.8  0
1045   0 336   9797.001045   0   9707.30J 02706405.7223129.8  0
1045   1 336  14224.001045   1  14155.03J 02706350.2222945.0  0
1045   2 336  13034.001045   2   7504.84J 02706247.8223118.4  0
1045   4 336   7687.001045   4   7777.17J 02706415.6222994.6  0
1045   5 336  16451.001045   5  16365.84J 02706340.4223220.7  0
1045   6 336   3942.001045   6   4064.17J 02706325.1223133.9  0
1045   7 336   2313.001045   7   2392.21J 02706282.1223119.1  0
1045   8 336   9374.001045   8   1764.66J 02706252.0223024.0  0
1045   9 336    220.001045   9    220.19J 02706283.2222866.1  0
1045  10 336    330.001045  10    265.83J 02706306.5222999.2  0
1045  11 336     29.001045  11     31.52J 02706271.6222933.1  0
1045  12 336   9292.001045  12   9203.46J 02706455.3223086.8  0
1045  13 336   1137.001045  13   1152.00C 02706262.6222987.0  0
1045  15 336    385.001045  15    266.25J 02706230.2223006.1  0
1045  16 336    469.001045  16    134.69J 02706231.8222942.6  0
1046   0 336    900.001046   0    201.54J 02706228.6222947.0  0
1046   1 336    598.001046   1    378.46J 02706231.0222971.7  0
1046   3 336   1666.001046   3   1055.37J 02706250.6222952.3  0
1047   0 336   4791.001047   0   4795.42C 02706309.3222835.1  0
1047   1 336    970.001047   1    942.98C 02706242.5222869.2  0
1048   0 336  18353.001048   0  18194.08J 02706432.0222859.8  0
1048   1 336   1195.001048   1   1214.65C 02706301.2222780.3  0
1048   2 336  19184.001048   2  19149.80J 02706416.4222692.7  0
1048   4 336    831.001048   4    830.49J 02706410.6222919.5  0
1049   0 336   3005.001049   0   1305.17J 02706536.8222545.4  0
1049  14 336   2006.001049  14    361.58J 02706529.4222563.9  0
1049  14 336   2006.001049  14   1077.60J 02706487.1222622.7  0
1049  15 336   2561.001049  15   1996.05J 02706511.5222560.7  0
1049  16 336   2539.001049  16   2532.17J 02706526.7222605.3  0
1049  17 336   2527.001049  17   2520.09J 02706510.1222653.6  0
1049  18 336   2552.001049  18   2544.75J 02706506.0222701.8  0
1049  19 336   2588.001049  19   2580.73J 02706503.7222741.8  0
1049  20 336   2519.001049  20   2512.34J 02706532.6222800.8  0
1049  21 336   2521.001049  21   2514.07J 02706499.3222806.6  0
1049  22 336   2518.001049  22   2511.01J 02706472.0222633.7  0
1049  23 336   2528.001049  23   1903.82J 02706473.2222560.2  0
1050   0 336    553.001050   0    543.48J 02706333.2222728.4  0
1051   0 336   2443.001051   0   2391.88J 02706328.3222711.3  0
1051   1 336    579.001051   1    590.80C 02706316.5222740.0  0
1052   0 336    228.001052   0    215.92J 02706281.5222712.1  0
1053   0 336  12856.001053   0  11633.33C 02706325.1222627.8  0
1054   0 336   4316.001054   0   4288.15C 02706385.4222601.8  0
1055   0 336   2900.001055   0   2919.13J 02706299.0222558.0  0
1056   0 336  15121.001056   0   5395.06J 02706411.8222556.4  0
1056   2 336   3179.001056   2   1560.18J 02706294.8222540.8  0
1089   0 336  23485.001089   0   1065.39J 02706239.0222684.1  0
1089   1 336     78.001089   1    102.21J 02706256.1222689.5  0
1090   0 336    495.001090   0    185.93A 02706230.6222771.1  0
1090   1 336  17059.001090   1   2765.46J 02706244.9222747.6  0
1090   3 336    369.001090   3    396.23J 02706270.2222743.2  0
1090   4 336   5334.001090   4    794.26J 02706234.1222784.3  0
1092   2 336   7521.001092   2   3648.72J 02706237.5223267.0  0
1092   3 336  19398.001092   3  19364.28J 02706325.6223325.2  0
1092   4 336   3817.001092   4    103.10J 02706349.7223426.1  0
1092   5 336    428.001092   5    271.55A 02706231.0223216.5  0
1093   0 336  26125.001093   0   4898.08J 02706240.3223381.0  0
1093   1 336   6499.001093   1   1177.62J 02706378.4223409.1  0
1093   2 336    680.001093   2    552.99J 02706238.0223336.9  0
9002   1 336      0.009002   1   2017.72  02706707.7222977.5  0
9006   3 336      0.009006   3   9067.04  02706873.8222689.6  0
9007   1 336      0.009007   1      0.05  02706808.6222524.9  0
9007   2 336      0.009007   2    118.24  02706284.2222681.4  0
9012   4 336      0.009012   4   4179.33  02706540.7222649.5  0
9012   4 336      0.009012   4   1201.12  02706285.7222970.0  0
9012   4 336      0.009012   4   3252.91  02706281.1222734.1  0
9012   4 336      0.009012   4    778.60  02706281.3223373.7  0
9012   5 336      0.009012   5   5490.02  02706564.9223116.3  0
