KC0336   23  0 0 09006
  48   5 336   2062.00  48   5    462.92C 02707001.4223452.3  0
  48   7 336   2621.00  48   7   1803.02  02706978.9223489.3  0
  48   8 336   2621.00  48   8   2034.47  02706986.1223519.3  0
  48   9 336   2621.00  48   9   1661.44  02706967.0223588.4  0
  48  10 336   2621.00  48  10   2619.21  02707011.8223583.0  0
  48  11 336   2621.00  48  11   2139.31  02706985.5223547.6  0
  48  12 336   2621.00  48  12   2618.00  02707020.2223632.2  0
  48  13 336   2621.00  48  13   2619.05  02706976.0223645.1  0
  48  14 336   2621.00  48  14    553.82  02706953.7223657.3  0
  48  15 336   3322.00  48  15   1626.89  02706971.9223454.7  0
1017   0 336  29220.001017   0    124.15J 02707147.0223438.4  0
1018   0 336    713.001018   0    635.96J 02707227.0223463.2  0
1019   0 336    970.001019   0    953.24J 02707191.8223512.2  0
1020   0 336   2582.001020   0   2620.98J 02707267.5223691.4  0
1020   1 336    381.001020   1    391.20J 02707253.1223804.9  0
1021   0 336  19332.001021   0  19332.38J 02707192.9223678.3  0
1021   1 336  49025.001021   1  43152.36J 02707068.2223731.1  0
1021   2 336   5699.001021   2   5701.03J 02707083.6223593.8  0
1021   4 336   5199.001021   4   5201.00J 02707071.3223531.0  0
1021   5 336   5126.001021   5   3837.09J 02707032.3223473.7  0
1021   9 336  20002.001021   9  18165.45J 02707138.7223504.6  0
1021  11 336    929.001021  11    267.25J 02707055.3223442.3  0
9006   2 336      0.009006   2   1375.10  02707257.7223643.6  0
