KC0336  363  0 0 09015
 115   0 336    443.00 115   0    451.43C 02706188.6222201.0  0
 115   1 336    302.00 115   1    320.65B 02706184.8222188.0  0
 115   2 336     96.00 115   2    110.99B 02706203.6222182.7  0
 115   3 336    284.00 115   3    283.31C 02706207.8222200.5  0
 116   0 336    320.00 116   0    302.93B 02706204.6222172.9  0
 117   0 336   3854.00 117   0   2117.05B 02706205.9222130.3  0
 117   1 336   3391.00 117   1   3404.70B 02706133.0222192.9  0
 117   2 336   2085.00 117   2   2089.08B 02706102.7222212.7  0
 118   0 336     42.00 118   0     51.49A 02706153.0222223.6  0
 118   1 336    122.00 118   1    123.54A 02706130.1222235.1  0
 118   2 336    230.00 118   2    232.97A 02706149.9222231.5  0
 118   3 336    231.00 118   3    232.99A 02706144.3222240.7  0
 118   4 336    231.00 118   4    232.99A 02706137.3222247.0  0
 118   5 336    231.00 118   5    233.00A 02706128.2222252.9  0
 119   0 336    572.00 119   0    592.25B 02706100.5222249.8  0
 119   1 336    116.00 119   1    123.02B 02706099.5222266.5  0
 120   0 336    919.00 120   0    945.82B 02706075.5222254.0  0
 120   1 336   4416.00 120   1   4297.35B 02706107.4222362.7  0
 121   0 336    898.00 121   0    888.18B 02706023.6222312.9  0
 122   0 336   1513.00 122   0   1526.21B 02706037.8222374.4  0
 123   0 336    524.00 123   0    536.83B 02706053.4222233.4  0
 124   0 336    388.00 124   0    397.31C 02706142.8222112.9  0
 124   1 336    136.00 124   1    127.05B 02706123.5222139.8  0
 125   0 336   3079.00 125   0   3062.40B 02706167.6222122.1  0
 126   0 336   1983.00 126   0   1030.49B 02706204.7222061.9  0
 126   1 336   2565.00 126   1   1307.62G 02706211.4222021.8  0
 127   6 336   1341.00 127   6    146.98B 02706221.7221957.5  0
 127   7 336    618.00 127   7    601.09B 02706214.0221991.6  0
 130   0 336   1913.00 130   0   1667.94B 02706210.8221868.3  0
 130   2 336   1241.00 130   2   1271.68B 02706070.4221850.1  0
 130   3 336    176.00 130   3    185.41B 02706159.2221853.3  0
 130   4 336     54.00 130   4     49.21B 02706144.5221856.5  0
 130   5 336     22.00 130   5     26.23B 02706140.0221866.3  0
 130   6 336    494.00 130   6    512.75B 02706169.7221841.3  0
 130   7 336    963.00 130   7    969.12B 02706126.1221850.7  0
 130   8 336     82.00 130   8     88.95B 02706133.3221863.9  0
 130   9 336     53.00 130   9     67.10B 02706033.8221855.4  0
 130  10 336   1401.00 130  10   1431.61B 02706182.7221863.3  0
 130  11 336    774.00 130  11    774.10  02706059.5221832.9  0
 131   0 336    157.00 131   0    171.17A 02706077.3221973.3  0
 131   1 336   2084.00 131   1   2104.16B 02706008.0221977.4  0
 131   2 336   1269.00 131   2   1251.52B 02705841.1222037.0  0
 131   3 336   1533.00 131   3   1438.09B 02705899.1222052.1  0
 131   4 336    446.00 131   4    448.20A 02706096.6221979.1  0
 131   5 336   1004.00 131   5    931.39  02706108.2221951.4  0
 131   6 336    748.00 131   6    735.66B 02705914.9221964.5  0
 131   8 336    543.00 131   8    536.44B 02705893.4222028.9  0
 131   9 336    195.00 131   9    209.67B 02705886.1222012.7  0
 131  10 336   2552.00 131  10   2576.27B 02706054.1221889.3  0
 131  11 336    401.00 131  11    390.62B 02706025.0221861.0  0
 131  12 336    224.00 131  12    229.63B 02706114.0221867.6  0
 131  13 336    900.00 131  13    973.92B 02706151.3221875.6  0
 131  14 336   2159.00 131  14   2079.06B 02706192.2221909.5  0
 131  15 336    274.00 131  15    270.70A 02705848.0221993.5  0
 131  16 336   6244.00 131  16   6254.55B 02705967.2221976.7  0
 131  17 336    642.00 131  17    668.76B 02705930.9221972.3  0
 131  19 336     41.00 131  19     42.40B 02705931.7222045.4  0
 131  20 336    292.00 131  20    268.36B 02705922.8222048.0  0
 131  21 336     67.00 131  21     55.84B 02705922.6222023.9  0
 131  22 336    766.00 131  22    769.42B 02705910.1222021.5  0
 131  23 336    735.00 131  23    712.10B 02705899.7221989.1  0
 131  29 336    777.00 131  29    803.35B 02705986.2221881.9  0
 131  30 336    569.00 131  30    554.84B 02706007.2221870.9  0
 131  31 336   1310.00 131  31   1317.70B 02706007.4221924.1  0
 131  32 336     90.00 131  32     90.91B 02706026.7221948.8  0
 131  33 336   1272.00 131  33   1279.23B 02706024.5221909.9  0
 131  35 336     57.00 131  35     67.35B 02706069.9221877.8  0
 131  36 336     34.00 131  36     41.72B 02706129.8221870.1  0
 131  38 336    787.00 131  38    727.86B 02706149.1221909.0  0
 131  39 336   1714.00 131  39   1731.77B 02706082.3221918.3  0
 131  42 336    439.00 131  42    455.77B 02706059.4221952.4  0
 131  43 336   2398.00 131  43   2420.16B 02706034.5221957.2  0
 131  44 336    244.00 131  44    222.94A 02706063.4221973.4  0
 131  46 336    902.00 131  46    849.27B 02705980.8221924.5  0
 131  47 336    381.00 131  47    361.99B 02705918.8221990.9  0
 131  48 336    260.00 131  48    306.75B 02706091.8221864.9  0
 131  49 336    112.00 131  49    127.70A 02706071.7221976.4  0
 131  50 336    738.00 131  50    721.25B 02706129.1221910.7  0
 131  51 336   1690.00 131  51   1751.14B 02706106.6221909.4  0
 131  52 336    500.00 131  52    486.88B 02706122.2221882.6  0
 131  54 336    195.00 131  54    184.58A 02705847.5222056.1  0
 131  55 336   1760.00 131  55   1731.55B 02705870.1221982.4  0
 131  56 336    882.00 131  56    869.77B 02705856.0221961.5  0
 131  57 336   1793.00 131  57   1776.60B 02705882.6221935.7  0
 131  58 336   1281.00 131  58   1257.31B 02705906.7221915.7  0
 131  59 336    502.00 131  59    506.52B 02705931.2221920.8  0
 131  60 336   1661.00 131  60   1634.69B 02705927.1221889.4  0
 131  61 336   2009.00 131  61   2021.59B 02705956.0221880.8  0
 131  62 336    274.00 131  62    267.01A 02705844.2221999.7  0
 131  63 336    274.00 131  63    264.54A 02705839.5222005.7  0
 131  64 336    274.00 131  64    267.12A 02705833.7222012.2  0
 131  65 336    274.00 131  65    267.53A 02705827.1222020.2  0
 131  66 336    137.00 131  66    146.70A 02705820.9222027.8  0
 131  67 336    137.00 131  67    141.57A 02705817.5222035.8  0
 131  68 336    525.00 131  68    550.87C 02706119.2221957.8  0
 131  69 336    561.00 131  69    536.94C 02706136.6221946.9  0
 131  70 336    121.00 131  70    122.68A 02706110.1221970.2  0
 131  76 336    627.00 131  76    623.37  02705885.1222002.2  0
 132   0 336   1456.00 132   0   1375.64B 02706215.4221950.3  0
 133   1 336    800.00 133   1    772.55B 02706179.4221978.8  0
 134   0 336   1241.00 134   0   1211.84A 02706112.6222053.9  0
 135   0 336   1043.00 135   0   1048.58A 02706075.7222064.4  0
 136   0 336  14772.00 136   0  14697.33C 02705896.3222147.8  0
 137   0 336   2759.00 137   0   2765.25A 02705927.3222242.2  0
 138   0 336   1048.00 138   0   1022.30J 02705933.5222315.1  0
 139   0 336    640.00 139   0    635.07A 02705966.3222311.7  0
 142   0 336   3375.00 142   0   4258.16B 02706061.8222375.2  0
 142   1 336    145.00 142   1    136.93B 02706037.4222419.4  0
 143   0 336   1014.00 143   0   1007.85B 02706140.3222431.2  0
 144   0 336    354.00 144   0    346.55B 02706135.8222480.5  0
 145   0 336    296.00 145   0    279.23B 02706155.5222507.6  0
 148   0 336   1198.00 148   0      8.09B 02706164.4222518.5  0
 149   0 336   5051.00 149   0   2580.41B 02706181.2222490.1  0
 246   0 336   2105.00 246   0   2080.71C 02705605.7222296.2  0
 247   0 336    524.00 247   0    534.44D 02705639.2222280.5  0
 247   1 336    752.00 247   1    755.15B 02705653.3222253.5  0
 248   0 336    524.00 248   0    527.01G 02705614.2222274.5  0
 249   0 336   9973.00 249   0   9890.12B 02705602.8222235.7  0
 249   1 336   1602.00 249   1   1532.14B 02705666.6222143.7  0
 249   2 336   2193.00 249   2   1633.41B 02705526.9222270.9  0
 250   0 336   2147.00 250   0   2107.53B 02705593.0222195.2  0
 250   1 336    179.00 250   1    165.84J 02705617.8222044.9  0
 250   2 336   4264.00 250   2   4232.21B 02705642.3222135.2  0
 250   3 336   3952.00 250   3   3956.08B 02705657.7222072.3  0
 251   0 336   2019.00 251   0   1977.29B 02705700.3222070.9  0
 251   1 336    347.00 251   1    346.32C 02705729.2222032.5  0
 252   0 336   3278.00 252   0   3276.27B 02705731.8221931.8  0
 252   2 336   3792.00 252   2   3779.66B 02705667.6222002.0  0
 253   0 336   2349.00 253   0   2335.52G 02705655.7221977.0  0
 253   1 336   2512.00 253   1   2500.22  02705599.6221975.9  0
 253   3 336    402.00 253   3    400.29  02705675.1221912.1  0
 253   4 336   2514.00 253   4   2500.89  02705679.7221892.7  0
 253   8 336   2500.00 253   8   2432.51  02705532.3221953.8  0
 253   9 336   2500.00 253   9   2487.95  02705568.7221909.3  0
 253  16 336   2500.00 253  16   2487.70  02705665.7221843.6  0
 253  19 336    261.00 253  19    259.85  02705670.0221931.9  0
 253  26 336   2806.00 253  26   2791.76  02705725.8221782.2  0
 253  27 336   2510.00 253  27   2497.15  02705670.8221787.2  0
 253  29 336   2534.00 253  29   2521.50  02705578.2221950.8  0
 253  30 336   2547.00 253  30   2535.80  02705631.6221925.8  0
 253  31 336   1486.00 253  31   1479.20  02705651.4221886.1  0
 253  32 336   2512.00 253  32   2500.24  02705623.4221865.8  0
 253  33 336    213.00 253  33    212.59  02705689.0221777.1  0
 253  34 336   2512.00 253  34   2498.86  02705726.1221732.1  0
 253  36 336   2208.00 253  36   2198.88  02705872.8221743.9  0
 253  38 336   2534.00 253  38   2520.85  02705709.7221870.8  0
 253  39 336   2851.00 253  39   2837.23  02705736.0221833.0  0
 253  40 336    456.00 253  40    453.97  02705738.8221887.7  0
 255   0 336    533.00 255   0    524.18B 02705550.1222198.1  0
 255   1 336    485.00 255   1    474.90B 02705554.0222205.3  0
 255   2 336    544.00 255   2    560.36B 02705597.1222130.7  0
 256   0 336    165.00 256   0    158.38C 02705511.8222241.4  0
 257   0 336    276.00 257   0     44.53C 02705501.5222246.8  0
 259   0 336   1668.00 259   0   1205.29J 02705519.0222307.8  0
 259   1 336    383.00 259   1    351.77A 02705506.7222329.5  0
 275   0 336   2662.00 275   0    924.86  02705508.9221640.6  0
 275   3 336   2075.00 275   3    285.90  02705523.7221629.7  0
 275   4 336   2518.00 275   4    143.45  02705507.0221676.7  0
 275   6 336   2518.00 275   6   1585.43  02705535.3221720.7  0
 275  27 336   3183.00 275  27     12.51  02705499.9221845.5  0
 278   0 336   9617.00 278   0   4766.12B 02705537.2221676.0  0
 282   0 336   8937.00 282   0   8461.22D 02705619.8221664.7  0
 282   1 336    833.00 282   1    572.79D 02705608.9221625.3  0
 285   0 336    608.00 285   0    598.10A 02705563.9221773.0  0
 285   1 336    367.00 285   1    367.06A 02705537.2221772.6  0
 286   0 336    645.00 286   0    659.58A 02705583.7221711.0  0
 287   0 336    926.00 287   0    924.75A 02705710.3221648.3  0
 288   0 336    994.00 288   0     52.99G 02705753.2221617.3  0
 288   0 336    994.00 288   0      9.83G 02705787.4221615.2  0
1056   4 336   5102.001056   4   2717.44J 02706203.6222454.2  0
1062   4 336   7976.001062   4   3764.52J 02706205.3222312.5  0
1072   0 336   3056.001072   0    183.89J 02706218.8222193.0  0
1072   0 336   3056.001072   0     46.45J 02706220.9222172.3  0
1072   1 336   2473.001072   1   1226.20J 02706207.1222225.0  0
1073   0 336    223.001073   0    230.40B 02706215.3222172.0  0
1074   0 336    500.001074   0    474.35B 02706160.8222201.6  0
1075   1 336   1378.001075   1   1371.62J 02706179.4222235.6  0
1075   2 336   3344.001075   2   3293.59J 02706148.4222266.6  0
1075   3 336    311.001075   3    309.56J 02706165.9222222.5  0
1076   0 336    213.001076   0    214.85A 02706154.7222335.9  0
1077   0 336   2346.001077   0   2347.99J 02706142.6222344.1  0
1077   1 336   1888.001077   1   1866.98B 02706118.2222346.4  0
1077   2 336    718.001077   2    718.77B 02706120.0222426.2  0
1077   3 336   2696.001077   3   2709.84J 02706191.6222352.9  0
1077   4 336   3447.001077   4   3376.76J 02706192.6222415.4  0
1077   5 336   2226.001077   5   2335.21J 02706134.2222362.3  0
1079   0 336    353.001079   0    119.98J 02706129.1222514.5  0
1079   1 336    715.001079   1    141.61J 02706141.0222512.9  0
1079   2 336    353.001079   2    174.84J 02706144.4222509.8  0
1080   0 336   2169.001080   0     64.04J 02706117.7222517.6  0
1081   0 336   3523.001081   0   2766.26J 02706100.4222482.5  0
1081   1 336     32.001081   1     31.70J 02706118.8222512.3  0
1081   2 336    312.001081   2    307.32J 02706094.6222506.6  0
1082   1 336    134.001082   1    132.63J 02706132.2222503.9  0
1083   0 336   3563.001083   0   3401.58J 02706052.8222489.8  0
1084   0 336   1780.001084   0   1749.71J 02706062.8222447.8  0
1085   0 336   1271.001085   0    354.49B 02706053.4222420.8  0
1086   0 336    197.001086   0    190.34B 02706000.8222432.2  0
1087   0 336    717.001087   0    691.01B 02705978.8222451.2  0
1087   1 336   2541.001087   1   2468.84J 02705996.2222468.3  0
1087   2 336    111.001087   2    110.27J 02706020.9222480.0  0
1088   2 336   1416.001088   2   1250.34K 02705938.7222488.4  0
1088   6 336   9872.001088   6    552.87J 02705953.5222508.9  0
1088   7 336    982.001088   7    276.77J 02705965.4222504.4  0
1088   8 336   1746.001088   8    682.14J 02705972.9222498.9  0
1088   9 336   1964.001088   9    853.19J 02705987.0222494.6  0
1094   1 336   3984.001094   1   4009.53J 02705863.8222481.8  0
1094  14 336    820.001094  14     62.49A 02705882.6222516.6  0
1094  15 336   8691.001094  15   8390.06J 02705876.5222405.4  0
1094  16 336  13005.001094  16  12822.47J 02705869.1222308.2  0
1094  17 336   4333.001094  17   4176.56J 02705814.1222326.8  0
1094  18 336   1845.001094  18   1846.47J 02705822.6222288.3  0
1094  20 336   8659.001094  20   1362.26J 02705837.3222507.5  0
1096   0 336   2646.001096   0   2342.34K 02705936.4222463.6  0
1096   1 336   4929.001096   1   4355.00J 02705937.6222422.9  0
1096   2 336    913.001096   2    901.89B 02705995.8222412.6  0
1096   3 336   2440.001096   3   2361.40J 02705997.7222317.8  0
1096   4 336    214.001096   4    215.95J 02706014.2222396.0  0
1097   0 336    244.001097   0    241.67J 02706035.9222310.3  0
1098   0 336     50.001098   0     39.44B 02706039.9222312.8  0
1099   0 336    291.001099   0    307.56B 02706018.8222282.7  0
1100   0 336    646.001100   0    637.37J 02705968.0222263.1  0
1100   1 336   5334.001100   1   5299.38J 02705931.8222129.0  0
1100   2 336   4750.001100   2   4719.97  02705802.6222235.1  0
1100   3 336    108.001100   3    102.35A 02706068.7221990.4  0
1100   4 336    354.001100   4    345.59A 02706127.0222094.7  0
1100   5 336    766.001100   5    747.93A 02705953.7222067.6  0
1100   6 336   8292.001100   6   8172.61J 02706002.4222227.5  0
1100   7 336   3652.001100   7   3675.78J 02706151.5222064.8  0
1100   8 336    835.001100   8    839.56J 02706181.6221946.0  0
1100   9 336   1939.001100   9   1717.53J 02706156.7221977.1  0
1100  10 336    816.001100  10   1053.01J 02706132.8221986.2  0
1100  11 336   2500.001100  11   2546.41J 02706129.2222015.2  0
1100  12 336    355.001100  12    341.37J 02706099.1221992.8  0
1100  13 336   2478.001100  13   2474.86J 02706069.2222023.2  0
1100  14 336    349.001100  14    351.65J 02706050.7222000.0  0
1100  15 336     24.001100  15     20.14J 02706053.5222049.6  0
1100  16 336   2555.001100  16   2584.07J 02705948.6222091.2  0
1100  17 336   1438.001100  17   1395.32J 02706025.9222027.8  0
1100  18 336    207.001100  18    235.85J 02706040.9222026.5  0
1100  19 336    199.001100  19    206.33J 02706022.2222012.4  0
1100  20 336   1306.001100  20   1339.13J 02705873.2222090.0  0
1100  21 336    675.001100  21    701.73J 02705838.8222072.7  0
1100  23 336   1078.001100  23   1075.86A 02705984.3222059.4  0
1100  24 336    656.001100  24    655.84A 02706023.3222048.1  0
1100  25 336    356.001100  25    359.18A 02706118.5222104.0  0
1100  26 336    354.001100  26    346.28A 02706110.5222113.6  0
1100  27 336   3000.001100  27   2980.00  02705855.6222229.2  0
1100  30 336   4166.001100  30   4137.36  02705841.2222126.3  0
1100  31 336   2515.001100  31   2530.90J 02706082.9222097.8  0
1100  32 336   2515.001100  32   2531.39J 02706081.3222129.7  0
1100  33 336   2515.001100  33   2531.39J 02706061.5222153.7  0
1100  34 336   2515.001100  34   2531.86J 02706055.1222188.5  0
1101   0 336    209.001101   0    203.50B 02706173.1222011.1  0
1103   0 336    369.001103   0    311.24H 02706203.3221928.2  0
1104   0 336    560.001104   0    544.26C 02705882.6222242.0  0
1105   0 336  11922.001105   0  11873.64J 02705787.8222428.7  0
1105   1 336   6006.001105   1    666.32J 02705762.2222508.7  0
1198   0 336   2834.001198   0   2834.18J 02705576.6222398.6  0
1198   3 336   2000.001198   3   2000.36J 02705554.6222484.6  0
1198   4 336   2567.001198   4   2567.21J 02705566.7222444.0  0
1198   5 336   2511.001198   5   1206.50J 02705550.2222508.1  0
1198   8 336   2804.001198   8    109.03J 02705514.9222507.8  0
1198   8 336   2804.001198   8    311.55J 02705510.1222436.6  0
1198   9 336   2883.001198   9   2449.47J 02705516.9222458.7  0
1198  10 336   2636.001198  10    341.72J 02705505.5222506.0  0
1198  12 336   2511.001198  12   2054.89J 02705514.5222408.7  0
1200   0 336   3052.001200   0   3039.67B 02705622.9222419.2  0
1200   1 336   2500.001200   1   2490.09B 02705617.5222471.2  0
1200   2 336   2539.001200   2   1579.14B 02705613.7222505.5  0
1201   0 336    980.001201   0    977.08J 02705654.9222315.4  0
1201   1 336   1426.001201   1   1440.26C 02705674.5222253.5  0
1201   2 336   1925.001201   2   1921.12H 02705671.0222361.0  0
1201   3 336    563.001201   3    551.36H 02705652.8222369.0  0
1202   0 336    209.001202   0    202.07A 02705642.4222299.9  0
1202   1 336    425.001202   1    429.98  02705673.2222232.6  0
1202   2 336    101.001202   2    103.25  02705608.3222282.0  0
1203   0 336   2100.001203   0   2080.42J 02705627.3222340.3  0
1204   0 336   6610.001204   0   6545.81J 02705559.7222336.1  0
1208   0 336   7105.001208   0   1093.74J 02705507.7222371.2  0
1218   0 336  11658.001218   0   3512.31J 02705522.1222185.7  0
1220   0 336   2450.001220   0   2435.83B 02705684.4222120.5  0
1220   1 336   6798.001220   1   6771.64H 02705739.6222096.9  0
1221   0 336   2556.001221   0   2545.78J 02705571.2222086.4  0
1221   1 336    554.001221   1    182.49J 02705509.8222088.6  0
1221   2 336   2556.001221   2   1115.65J 02705514.7222065.0  0
1221   3 336   2579.001221   3   2569.18J 02705562.7222119.3  0
1221   4 336   2580.001221   4   2567.93J 02705532.0222137.1  0
1221   5 336   2545.001221   5    355.52J 02705504.0222104.7  0
1223   0 336   1057.001223   0   1083.89H 02705761.5221977.8  0
1224   0 336   3318.001224   0   3267.45B 02705773.2221928.7  0
1224   1 336    730.001224   1    746.36B 02705723.0222001.3  0
1224   2 336    860.001224   2    834.60H 02705795.7221921.8  0
1225   0 336    393.001225   0    396.22J 02705609.7222047.2  0
1225   1 336   7051.001225   1   6996.97J 02705557.7222028.3  0
1225   2 336   2153.001225   2    863.04J 02705507.5222006.9  0
1226   0 336    727.001226   0    719.42A 02705654.9221941.6  0
1227   9 336   9773.001227   9     32.95J 02705501.5221620.1  0
1227  12 336  12802.001227  12  12723.90J 02705608.5221753.8  0
1227  16 336    191.001227  16    191.85J 02705539.3221797.8  0
1227  29 336   9801.001227  29   1943.64J 02705515.3221920.7  0
1227  30 336   4801.001227  30   4123.83J 02705540.3221871.6  0
1227  33 336   2500.001227  33   1866.65J 02705527.4221813.3  0
1227  34 336   2500.001227  34   2493.85J 02705575.7221842.8  0
1227  49 336    370.001227  49    371.88J 02705529.4221787.4  0
1227  50 336   1885.001227  50   1548.26J 02705515.0221761.2  0
1229   0 336  14844.001229   0  11694.19J 02705821.4221695.1  0
1231   0 336   9704.001231   0   9355.27J 02705842.2221649.2  0
1232   0 336   2615.001232   0   2423.15J 02706033.1221736.2  0
1232   2 336   3512.001232   2   3504.40J 02706138.4221723.4  0
1232  30 336   2510.001232  30   1297.19J 02706033.1221630.9  0
1232  32 336   2510.001232  32   2503.59J 02705959.8221656.0  0
1232  34 336   1003.001232  34   1006.91J 02705915.1221680.2  0
1232  35 336   2712.001232  35   2714.43J 02705951.2221718.6  0
1232  37 336   2510.001232  37   2503.61J 02705993.3221703.0  0
1232  38 336   2510.001232  38   2503.60J 02706033.7221674.6  0
1232  42 336    855.001232  42    849.89J 02706172.6221737.4  0
1232  43 336   1501.001232  43   1496.92J 02705879.6221713.7  0
1232  58 336   2510.001232  58   2052.51J 02705995.5221637.5  0
1232  59 336    132.001232  59    131.99J 02705834.3221881.8  0
1232  60 336   2774.001232  60   2766.76J 02705793.6221848.7  0
1232  61 336   3931.001232  61   3919.94J 02706090.8221695.1  0
1232  62 336   2849.001232  62   2842.85J 02706068.5221742.0  0
1232  65 336   2642.001232  65   2634.93J 02705841.2221857.5  0
1232  69 336   2510.001232  69   2503.48J 02706009.8221755.0  0
1232  70 336   2508.001232  70   2500.68J 02705967.8221775.2  0
1232  71 336    550.001232  71    548.22J 02705960.5221815.4  0
1232  72 336   2508.001232  72   2500.81J 02705933.9221792.8  0
1232  73 336   2510.001232  73   2503.66J 02705883.5221832.5  0
1232  74 336   2515.001232  74   2508.79J 02705841.4221724.1  0
1232  75 336   2515.001232  75   2508.03J 02705789.0221735.0  0
1232  77 336   1214.001232  77   1207.84J 02705767.3221804.3  0
1232  79 336   2725.001232  79   2714.78J 02705789.8221780.1  0
1232  80 336   2567.001232  80   2556.03J 02705862.7221797.2  0
1232  82 336   2625.001232  82   2613.13J 02705912.7221743.1  0
1232  83 336   2543.001232  83   2536.39J 02706087.3221778.6  0
1232  87 336   2568.001232  87   2557.46J 02705844.1221770.1  0
1233  16 336   2070.001233  16     26.37B 02706222.7221725.1  0
1233  17 336   2024.001233  17    869.72B 02706217.9221757.4  0
1233  18 336   1252.001233  18   1237.90B 02706201.5221762.2  0
1233  19 336    941.001233  19    930.21B 02706178.6221763.9  0
1233  20 336    319.001233  20    315.56B 02706158.7221770.9  0
1236   5 336   2685.001236   5    696.75J 02706214.0221677.3  0
1236  16 336   3040.001236  16      0.28J 02706033.9221614.7  0
1236  23 336   2990.001236  23    693.20J 02706208.6221717.4  0
1243   4 336  27503.001243   4   1165.82J 02705921.6221623.2  0
1483   0 336   3172.001483   0   2195.54  02706110.2221636.3  0
1483   2 336   3440.001483   2   2811.57  02706102.1221655.6  0
1483   3 336   8226.001483   3    642.24  02706132.8221623.0  0
1483   4 336   2532.001483   4   2534.31  02706168.7221675.3  0
1483   5 336   2525.001483   5   2430.87  02706187.1221640.4  0
1483   6 336   2527.001483   6    599.11  02706209.7221623.8  0
9012   2 336      0.009012   2     40.25  02706220.3221836.6  0
9012   3 336      0.009012   3    324.01  02706163.5221755.2  0
9012   4 336      0.009012   4  69591.07  02705752.6222244.7  0
9012   4 336      0.009012   4   8410.19  02706003.9222358.7  0
9013   1 336      0.009013   1    202.98  02706086.1222227.1  0
9013   2 336      0.009013   2    391.91  02705523.9222287.6  0
9013   3 336      0.009013   3    406.88  02705571.8221630.0  0
9013   4 336      0.009013   4     80.55  02706168.9221939.8  0
9013   5 336      0.009013   5      5.88  02706156.5221933.3  0
9013   6 336      0.009013   6    297.55  02705653.4222424.1  0
9015   3 336      0.009015   3    107.79  02705503.1221626.0  0
