KC0336   55  0 0 09006
  48   3 336    160.00  48   3    163.16B 02707061.2223313.2  0
  48   4 336     95.00  48   4     84.43A 02707055.5223397.8  0
  48   5 336   2062.00  48   5   1583.63C 02706990.8223404.6  0
  48   6 336     55.00  48   6     53.31A 02707056.5223390.8  0
  48  15 336   3322.00  48  15    334.18  02706967.6223427.1  0
  50   0 336  12963.00  50   0  12969.18C 02707056.7222820.0  0
  50   2 336    873.00  50   2    833.22J 02707057.6222954.3  0
  50   3 336    757.00  50   3    733.85C 02707027.6222973.2  0
  50   4 336    223.00  50   4    211.06J 02706970.9222790.7  0
  50   5 336  13662.00  50   5  13666.89C 02707103.8222890.2  0
1007   0 336   6122.001007   0    353.01J 02707138.2222536.6  0
1007   3 336  20061.001007   3  14873.42J 02707108.1222668.1  0
1008   0 336   8196.001008   0   5890.48J 02707177.4222575.7  0
1008   1 336   6775.001008   1   6990.47J 02707161.1222700.1  0
1009   0 336  18283.001009   0  18280.86J 02707096.1223053.6  0
1009   1 336  15329.001009   1    670.20J 02706967.7222540.1  0
1009   4 336  18122.001009   4  14536.48J 02707014.8222734.1  0
1009   5 336  12257.001009   5  10176.29J 02707011.9222627.4  0
1009   6 336  17974.001009   6  18100.79J 02707135.3223001.0  0
1009   8 336    350.001009   8    340.03J 02707050.9222929.2  0
1009   9 336  12869.001009   9   5712.10J 02706999.3222560.7  0
1009  10 336   2500.001009  10   2501.34J 02707086.1222753.6  0
1010   0 336   6551.001010   0   6541.97J 02707273.2222967.6  0
1010   1 336   1301.001010   1   1278.19J 02707192.9222851.0  0
1011   0 336   5276.001011   0   5273.86J 02707218.9223014.2  0
1012   0 336    276.001012   0    279.72J 02707250.9223086.7  0
1013   0 336  10286.001013   0  10268.35J 02707155.0223173.4  0
1014   0 336     56.001014   0     54.08B 02707054.1223299.5  0
1014   1 336   2752.001014   1   2677.79B 02707048.4223255.4  0
1014   2 336   1558.001014   2   1515.68B 02707047.2223186.5  0
1015   0 336   1159.001015   0   1139.65J 02707150.2223259.4  0
1016   0 336    436.001016   0    439.00J 02707191.2223364.9  0
1017   0 336  29220.001017   0  28909.71J 02707139.2223314.8  0
1017   1 336   1446.001017   1   1437.11J 02707041.2223152.5  0
1017   3 336    792.001017   3    789.33J 02707071.5223256.5  0
1018   0 336    713.001018   0     19.81J 02707220.2223430.6  0
1021   5 336   5126.001021   5   1380.75J 02707035.0223408.5  0
1021   6 336   2663.001021   6   2579.41J 02707051.8223366.1  0
1021   8 336    165.001021   8    165.04J 02707059.0223404.7  0
1021   9 336  20002.001021   9   1511.42J 02707092.7223416.5  0
1021   9 336  20002.001021   9    325.48J 02707200.7223427.8  0
1021  11 336    929.001021  11    661.56J 02707059.4223418.7  0
1022   0 336   1441.001022   0   1444.65J 02706995.6223358.1  0
1022   1 336  22583.001022   1   8728.56J 02706978.4223310.5  0
1022   2 336   2503.001022   2   2507.52J 02706994.7223184.0  0
1022   3 336   1286.001022   3   1289.09J 02707022.6223314.9  0
1022   6 336   1454.001022   6   1456.16J 02707001.0223253.2  0
1023   0 336  15428.001023   0   3471.24J 02706973.0223146.0  0
1023   1 336   8379.001023   1    823.98J 02706960.7222909.6  0
1023   2 336   5140.001023   2   5150.31J 02707014.9223044.6  0
1023   3 336   4251.001023   3   3651.61J 02706990.3222904.3  0
1023   4 336  15428.001023   4   7791.85J 02706972.2223018.3  0
9006   1 336      0.009006   1   1451.48  02707158.1222737.3  0
9006   2 336      0.009006   2    309.65  02707227.8223369.0  0
9006   3 336      0.009006   3   9951.46  02707042.5222970.5  0
